	name	feature.name	dist.to.feature	prom	exon	intron
1	Taf9b	NM_001001176	251	1	1	0
2	Itprip	NM_001001738	22626	0	1	0
3	2510009E07Rik	NM_001001881	98718	0	0	1
4	Eea1	NM_001001932	107560	0	0	0
5	Gp1bb	NM_001001999	-2439	0	1	0
6	Adamts7	NM_001003911	8590	0	1	0
7	Maml3	NM_001004176	60215	0	0	1
8	Ppp1r26	NM_001005420	-26153	0	0	0
9	Barhl2	NM_001005477	-103404	0	0	0
10	Lmtk3	NM_001005511	9827	0	1	0
11	Mtus1	NM_001005863	36306	0	0	1
12	Tceanc	NM_001007577	-57	1	0	0
13	Tceanc	NM_001007577	273	1	0	1
14	Fndc3c1	NM_001007580	73	1	1	0
15	Best3	NM_001007583	14959	0	0	1
16	Best3	NM_001007583	12771	0	0	1
17	Rtn1	NM_001007596	-20833	0	0	1
18	Cdh12	NM_001008420	-2528	0	0	0
19	Armcx5	NM_001009575	243	1	1	0
20	Armcx5	NM_001009575	188	1	1	0
21	Armcx5	NM_001009575	191	1	1	0
22	Armcx5	NM_001009575	200	1	1	0
23	Scgb2b20	NM_001009952	36645	0	0	0
24	Fut10	NM_001012517	32002	0	0	1
25	Osm	NM_001013365	-4025	0	0	0
26	Tmem151b	NM_001013749	2471	0	0	1
27	Tmem151b	NM_001013749	4711	0	1	0
28	Tmem151b	NM_001013749	4723	0	1	0
29	Tmem151b	NM_001013749	4705	0	1	0
30	Sp3	NM_001018042	-15129	0	0	0
31	Adamts15	NM_001024139	212118	0	0	0
32	Cdkl5	NM_001024624	445	1	0	1
33	Triobp	NM_001024716	-5894	0	0	1
34	Triobp	NM_001024716	-5944	0	0	1
35	Ntrk2	NM_001025074	54328	0	0	1
36	Camk2d	NM_001025439	13574	0	0	1
37	Maf	NM_001025577	348785	0	0	0
38	Kcnc2	NM_001025581	177915	0	0	1
39	Kcnj6	NM_001025590	6550	0	0	1
40	Pdzd4	NM_001029868	339	1	1	0
41	Lonrf2	NM_001029878	74072	0	0	0
42	Pecam1	NM_001032378	-56	1	0	0
43	Fbxo33	NM_001033156	-212055	0	0	0
44	Slc6a21	NM_001033176	25383	0	1	0
45	Skap1	NM_001033186	75788	0	0	1
46	Naa11	NM_001033191	68282	0	0	0
47	Itga1	NM_001033228	-108811	0	0	0
48	Hk3	NM_001033245	-19194	0	1	0
49	Gm266	NM_001033248	-178	1	0	0
50	Agap2	NM_001033263	882	1	1	0
51	Gxylt1	NM_001033275	-4322	0	0	0
52	Espnl	NM_001033292	-8798	0	0	1
53	Espnl	NM_001033292	-8872	0	0	1
54	Arhgef9	NM_001033329	-115739	0	0	0
55	Mmp25	NM_001033339	1133	0	1	0
56	Lrrc30	NM_001033340	119901	0	0	0
57	Thoc2	NM_001033422	131	1	0	1
58	Thoc2	NM_001033422	851	1	0	1
59	Thoc2	NM_001033422	835	1	0	1
60	Gm884	NM_001033434	49826	0	0	1
61	Gm884	NM_001033434	13679	0	0	1
62	Lsmem1	NM_001033437	22574	0	1	0
63	A830080D01Rik	NM_001033472	880	1	0	1
64	A830080D01Rik	NM_001033472	903	1	0	1
65	A830080D01Rik	NM_001033472	-24116	0	0	0
66	A830080D01Rik	NM_001033472	912	1	0	1
67	Kcnk6	NM_001033525	7423	0	1	0
68	Mef2a	NM_001033713	-70637	0	0	0
69	Smim9	NM_001033786	7881	0	0	1
70	Adamts17	NM_001033877	88152	0	0	1
71	Adamts17	NM_001033877	27700	0	0	1
72	Ak2	NM_001033966	24170	0	0	0
73	Fam92b	NM_001033980	-51695	0	0	0
74	Limk2	NM_001034030	2743	0	1	1
75	Limk2	NM_001034030	2875	0	0	1
76	Ccdc160	NM_001034059	-1435	0	0	0
77	Agap1	NM_001037136	30615	0	0	1
78	Nfatc2	NM_001037178	-28905	0	0	0
79	Defb48	NM_001037751	47944	0	0	1
80	Atp11c	NM_001037863	212	1	0	1
81	Atp11c	NM_001037863	161	1	1	0
82	Atp11c	NM_001037863	666	1	0	1
83	Atp11c	NM_001037863	205	1	0	1
84	Ets1	NM_001038642	140696	0	0	0
85	Sel1l	NM_001039089	-876982	0	0	0
86	Defb25	NM_001039122	8085	0	0	0
87	Defb25	NM_001039122	8090	0	0	0
88	Rreb1	NM_001039188	19450	0	0	1
89	Trim46	NM_001039466	943	1	1	0
90	Tex40	NM_001039494	-913	1	1	0
91	Tex40	NM_001039494	-918	1	1	0
92	1700015E13Rik	NM_001039593	122172	0	0	1
93	Rhox4g	NM_001039698	-2181	0	0	0
94	Thsd4	NM_001040426	17894	0	0	1
95	Pitx2	NM_001042504	3322	0	0	1
96	Txnrd1	NM_001042513	-11843	0	0	1
97	Lhx9	NM_001042577	9757	0	0	1
98	Dhx15	NM_001042620	290637	0	0	0
99	Smad7	NM_001042660	52864	0	0	0
100	Smad7	NM_001042660	17328	0	0	1
101	Cacna1i	NM_001044308	51579	0	0	1
102	Prl2c1	NM_001045532	64117	0	0	0
103	Hs6st2	NM_001077202	478	1	0	1
104	Hs6st2	NM_001077202	540	1	0	1
105	Hs6st2	NM_001077202	485	1	0	1
106	C77370	NM_001077354	832	1	0	1
107	C77370	NM_001077354	643	1	0	1
108	C77370	NM_001077354	840	1	0	1
109	C77370	NM_001077354	562	1	0	1
110	C77370	NM_001077354	829	1	0	1
111	C77370	NM_001077354	874	1	0	1
112	C77370	NM_001077354	836	1	0	1
113	C77370	NM_001077354	629	1	0	1
114	C77370	NM_001077354	419	1	1	0
115	C77370	NM_001077354	569	1	0	1
116	C77370	NM_001077354	606	1	0	1
117	C77370	NM_001077354	605	1	0	1
118	C77370	NM_001077354	598	1	0	1
119	C77370	NM_001077354	597	1	0	1
120	C77370	NM_001077354	591	1	0	1
121	C77370	NM_001077354	621	1	0	1
122	C77370	NM_001077354	617	1	0	1
123	Fhl1	NM_001077362	-679	1	0	1
124	Tsc22d3	NM_001077364	1006	0	0	1
125	Tsc22d3	NM_001077364	-24666	0	0	0
126	Nrp2	NM_001077404	19198	0	0	1
127	Cntnap5a	NM_001077425	-1868920	0	0	0
128	Stag2	NM_001077712	515	1	0	1
129	Zbtb33	NM_001079513	87	1	1	0
130	Zbtb33	NM_001079513	49	1	1	0
131	Zbtb33	NM_001079513	81	1	1	0
132	Trim72	NM_001079932	656	1	0	1
133	Tmpo	NM_001080129	-100993	0	0	0
134	Tmpo	NM_001080129	-58294	0	0	0
135	Gtf2i	NM_001080746	-18400	0	0	0
136	Gtf2i	NM_001080746	-18226	0	0	0
137	Gtf2i	NM_001080746	-18189	0	0	0
138	Prdm13	NM_001080771	-1805	0	0	0
139	Prdm13	NM_001080771	-59	1	0	0
140	Gm1123	NM_001080776	-51281	0	0	1
141	Cps1	NM_001080809	256526	0	0	0
142	Rapgefl1	NM_001080925	-6526	0	0	1
143	B230217C12Rik	NM_001080935	-14062	0	0	1
144	B230217C12Rik	NM_001080935	-10135	0	0	1
145	Nhs	NM_001081052	304	1	1	0
146	Nhs	NM_001081052	323	1	1	0
147	Xpot	NM_001081056	10207	0	0	1
148	Ogfrl1	NM_001081079	-8899	0	0	0
149	Phf3	NM_001081080	614735	0	0	0
150	Armc3	NM_001081083	74258	0	0	1
151	Zfp362	NM_001081098	16143	0	1	0
152	Arhgap36	NM_001081123	153	1	1	0
153	Arhgap36	NM_001081123	190	1	1	0
154	Arhgap36	NM_001081123	141	1	1	0
155	Arhgap36	NM_001081123	133	1	1	0
156	Arhgap36	NM_001081123	142	1	1	0
157	Prrg3	NM_001081135	-531	1	0	0
158	Prrg3	NM_001081135	-550	1	0	0
159	Prrg3	NM_001081135	-537	1	0	0
160	Prrg3	NM_001081135	-535	1	0	0
161	Prrg3	NM_001081135	-529	1	0	0
162	Prrg3	NM_001081135	-515	1	0	0
163	Prrg3	NM_001081135	-513	1	0	0
164	Rap1gap	NM_001081155	27058	0	0	1
165	Mdga1	NM_001081160	35396	0	1	0
166	Sap30l	NM_001081168	-50387	0	0	1
167	Adgrf5	NM_001081178	-55205	0	0	0
168	Adgrf5	NM_001081178	-55235	0	0	0
169	Uprt	NM_001081189	599	1	0	1
170	Gabrr3	NM_001081190	-22042	0	0	0
171	Dgki	NM_001081206	97297	0	0	1
172	Prdm14	NM_001081209	-31346	0	0	1
173	Tln2	NM_001081242	-46336	0	0	0
174	Tln2	NM_001081242	-46305	0	0	0
175	Ldlrad1	NM_001081272	4337	0	0	1
176	Tmem28	NM_001081283	-313	1	0	0
177	Tmem28	NM_001081283	32601	0	0	0
178	Tmem28	NM_001081283	-1622	0	0	0
179	Tmem28	NM_001081283	32381	0	0	0
180	Adgrl2	NM_001081298	-157215	0	0	0
181	Pik3r4	NM_001081309	56086	0	1	0
182	Pik3r4	NM_001081309	56115	0	1	0
183	Hs3st2	NM_001081327	-65	1	0	0
184	Adgrd1	NM_001081342	138606	0	0	0
185	Cped1	NM_001081351	17947	0	0	1
186	Vma21	NM_001081356	-445	1	0	0
187	Ccdc153	NM_001081369	-1515	0	0	0
188	1810013L24Rik	NM_001081400	383375	0	0	0
189	Camta1	NM_001081557	296102	0	0	1
190	Pik3r6	NM_001081566	-15290	0	0	1
191	Ccnd3	NM_001081636	18445	0	0	1
192	Dact3	NM_001081655	-13689	0	0	1
193	Dytn	NM_001081658	81629	0	0	0
194	Nup62cl	NM_001081668	249	1	0	1
195	Nup62cl	NM_001081668	280	1	0	1
196	Nup62cl	NM_001081668	70	1	1	0
197	Gm5150	NM_001081687	-45671	0	0	0
198	Tmprss9	NM_001081688	6312	0	1	0
199	Slc25a53	NM_001082412	-58	1	0	0
200	Magi1	NM_001083321	214615	0	0	1
201	Magi1	NM_001083321	214612	0	0	1
202	Ptchd2	NM_001083342	31147	0	1	0
203	Xirp2	NM_001083919	-45971	0	0	0
204	Tcf4	NM_001083967	268017	0	0	1
205	Zfp467	NM_001085416	6182	0	1	1
206	Trabd2b	NM_001085549	133565	0	0	1
207	Trabd2b	NM_001085549	133614	0	0	1
208	Ptchd1	NM_001093750	-214093	0	0	0
209	Ptchd1	NM_001093750	-214104	0	0	0
210	Ptchd1	NM_001093750	-214081	0	0	0
211	Kif26a	NM_001097621	31671	0	1	0
212	Trerf1	NM_001097623	4327	0	0	1
213	Pik3c2b	NM_001099276	25729	0	0	1
214	Ajap1	NM_001099299	538	1	1	0
215	Rapgef2	NM_001099624	1350480	0	0	0
216	Rapgef2	NM_001099624	798403	0	0	0
217	Pklr	NM_001099779	11294	0	1	0
218	Smim24	NM_001099917	11841	0	1	0
219	Zcchc24	NM_001101433	27648	0	0	1
220	Gsg1l	NM_001101488	122201	0	0	1
221	Gm8817	NM_001101606	-38148	0	0	0
222	Gm8817	NM_001101606	-38131	0	0	0
223	Gm8817	NM_001101606	-33666	0	0	0
224	Acp5	NM_001102405	1084	0	0	1
225	Vmn2r120	NM_001104591	52316	0	0	0
226	Pcdh19	NM_001105246	738	1	1	0
227	Zfp185	NM_001109043	167	1	1	0
228	Zfp185	NM_001109043	136	1	1	0
229	Zfp185	NM_001109043	168	1	1	0
230	Kazn	NM_001109684	30269	0	0	1
231	Kazn	NM_001109685	-333236	0	0	0
232	Sv2b	NM_001109753	237830	0	0	0
233	Slc24a2	NM_001110240	96866	0	0	1
234	Vegfa	NM_001110266	6399	0	1	0
235	Vegfa	NM_001110266	139085	0	0	0
236	Keap1	NM_001110305	11284	0	0	0
237	Kif1a	NM_001110315	19496	0	1	0
238	Zfp703	NM_001110508	-9594	0	0	0
239	Runx1	NM_001111021	1108	0	0	1
240	H2al1a	NM_001111037	-200220	0	0	0
241	H2al1a	NM_001111037	-200220	0	0	0
242	Sprtn	NM_001111141	14853	0	0	1
243	Nedd9	NM_001111324	-59372	0	0	0
244	Arhgef10l	NM_001112723	64550	0	0	1
245	Ncam2	NM_001113208	-270496	0	0	0
246	Ebf3	NM_001113414	16198	0	0	1
247	Schip1	NM_001113420	-59335	0	0	1
248	Sept9	NM_001113487	-1422	0	0	1
249	Sept9	NM_001113488	55252	0	0	0
250	Sox5	NM_001113559	159386	0	0	1
251	H2al1j	NM_001114529	164120	0	0	0
252	Plcl1	NM_001114663	91893	0	0	1
253	Tfap2a	NM_001122948	79144	0	0	0
254	Arhgef1	NM_001130152	13872	0	0	1
255	Nfatc2	NM_001136073	57045	0	0	1
256	Nfatc2	NM_001136073	26663	0	0	1
257	Zfp935	NM_001136496	20781	0	0	0
258	Usp51	NM_001137547	643	1	0	1
259	Usp51	NM_001137547	637	1	0	1
260	Usp51	NM_001137547	655	1	0	1
261	Usp51	NM_001137547	629	1	0	1
262	Usp51	NM_001137547	648	1	0	1
263	Golga7b	NM_001141983	-11532	0	0	0
264	Golga7b	NM_001141983	-16418	0	0	0
265	Tcf7l2	NM_001142924	133834	0	0	0
266	1500009L16Rik	NM_001145198	236753	0	0	0
267	Use1	NM_001145780	-32264	0	0	1
268	Kifc3	NM_001145832	5720	0	0	1
269	Lgals3	NM_001145953	11802	0	1	0
270	Lgals3	NM_001145953	11847	0	1	0
271	C5ar2	NM_001146005	4257	0	0	1
272	C5ar2	NM_001146005	4288	0	0	1
273	Homer3	NM_001146153	-4665	0	0	0
274	Homer3	NM_001146153	-4633	0	0	0
275	Homer3	NM_001146153	-4668	0	0	0
276	Homer3	NM_001146153	-4651	0	0	0
277	Homer3	NM_001146153	-4634	0	0	0
278	Homer3	NM_001146153	-4652	0	0	0
279	Smoc1	NM_001146217	276	1	1	0
280	Cnp	NM_001146318	268	1	1	1
281	Rnls	NM_001146342	-16720	0	0	0
282	Araf	NM_001159645	-28934	0	0	0
283	Nectin2	NM_001159724	-6772	0	1	0
284	Zfp275	NM_001160229	68	1	1	0
285	Cabp2	NM_001160253	-11477	0	0	0
286	Celf2	NM_001160292	-102177	0	0	1
287	Ccdc112	NM_001160399	-5919	0	0	0
288	Nol4	NM_001161483	96612	0	0	1
289	Tmem116	NM_001161626	8709	0	0	1
290	Kif26b	NM_001161665	179134	0	0	1
291	Gm15455	NM_001161816	137	1	1	0
292	Mgat4c	NM_001162369	1424	0	0	1
293	Troap	NM_001162506	1840	0	0	1
294	Odf2l	NM_001162538	-4415	0	0	0
295	Gm8267	NM_001162954	-50415	0	0	0
296	Hcrtr1	NM_001163027	8107	0	1	0
297	Begain	NM_001163175	-47121	0	0	0
298	Plekhb1	NM_001163184	93	1	1	1
299	Clrn2	NM_001163317	9703	0	0	1
300	Cox18	NM_001163456	8910	0	1	0
301	Neurl1a	NM_001163480	94786	0	0	1
302	Nhsl2	NM_001163610	863	1	0	1
303	Nhsl2	NM_001163610	859	1	0	1
304	Nhsl2	NM_001163610	888	1	0	1
305	Nhsl2	NM_001163610	852	1	0	1
306	Nhsl2	NM_001163610	-446	1	0	0
307	Nhsl2	NM_001163610	882	1	0	1
308	C530008M17Rik	NM_001163793	16895	0	1	0
309	Pik3cd	NM_001164052	15791	0	1	0
310	Tgif1	NM_001164074	-35680	0	0	0
311	Nfatc1	NM_001164111	44901	0	0	1
312	Psmd10	NM_001164177	-157	1	0	0
313	Prrg1	NM_001164275	163	1	0	1
314	Nt5c2	NM_001164363	-8186	0	1	0
315	Pqlc1	NM_001164421	15640	0	0	1
316	Kcnk13	NM_001164426	8138	0	0	1
317	Mical1	NM_001164433	4869	0	1	0
318	Sipa1	NM_001164568	2876	0	1	0
319	Sipa1	NM_001164568	2861	0	1	0
320	Myo1h	NM_001164573	32316	0	0	1
321	Myo1h	NM_001164573	7358	0	0	1
322	Irf2bp2	NM_001164598	20325	0	0	0
323	Amigo2	NM_001164602	-225136	0	0	0
324	Amigo2	NM_001164602	-225121	0	0	0
325	Amigo2	NM_001164602	-225312	0	0	0
326	Trappc9	NM_001164642	1044	0	0	1
327	Tmem29	NM_001164683	-28259	0	0	0
328	Robo3	NM_001164767	-27387	0	0	0
329	Hephl1	NM_001164797	-56986	0	0	0
330	Cldn14	NM_001165926	-27981	0	0	1
331	Pias3	NM_001165949	2364	0	1	0
332	Rfx3	NM_001166414	76505	0	0	1
333	Hnrnpf	NM_001166427	416	1	0	1
334	Slc25a14	NM_001166450	187	1	1	0
335	Slc25a14	NM_001166450	138	1	1	0
336	Slc38a1	NM_001166458	-15237	0	0	0
337	Slc39a11	NM_001166503	23230	0	0	1
338	Mid1ip1	NM_001166635	1199	0	1	0
339	Mid1ip1	NM_001166635	1202	0	1	0
340	Mid1ip1	NM_001166635	999	1	1	0
341	Mid1ip1	NM_001166635	1167	0	1	0
342	Mid1ip1	NM_001166635	984	1	1	0
343	Mid1ip1	NM_001166635	959	1	1	0
344	Zfp280c	NM_001166648	118	1	0	1
345	Klhl33	NM_001166651	800	1	1	0
346	Vps50	NM_001167751	86732	0	0	1
347	Ankrd7	NM_001167757	722862	0	0	0
348	Col6a5	NM_001167923	-50256	0	0	1
349	Fam83h	NM_001168253	362	1	0	1
350	Ctps2	NM_001168569	132	1	1	1
351	Tifab	NM_001168615	-15800	0	0	0
352	Endou	NM_001168693	-14181	0	1	0
353	Rbm41	NM_001172147	391	1	0	1
354	Cacna2d2	NM_001174048	792	1	0	1
355	Camk2b	NM_001174053	41101	0	0	1
356	Sept6	NM_001177323	5604	0	0	1
357	Sept6	NM_001177323	8950	0	0	1
358	Sept6	NM_001177323	8941	0	0	1
359	Gm7102	NM_001177513	97267	0	0	1
360	Slc25a13	NM_001177572	83820	0	0	1
361	Esp23	NM_001177582	-65038	0	0	0
362	Phactr3	NM_001177789	114	1	1	0
363	Otub2	NM_001177841	3115	0	0	1
364	Zfp513	NM_001177901	4058	0	0	1
365	Naa10	NM_001177965	490	1	0	1
366	Zmym3	NM_001177986	-11	1	0	1
367	Rhox13	NM_001185002	857	1	1	0
368	Mfrp	NM_001190314	324	1	1	0
369	Kcng2	NM_001190373	-8902	0	0	0
370	Jak3	NM_001190830	3577	0	0	1
371	Ndfip2	NM_001190989	-40427	0	0	0
372	Morc4	NM_001193309	315	1	1	0
373	Morc4	NM_001193309	451	1	0	1
374	Morc4	NM_001193309	272	1	1	0
375	Pld5	NM_001195816	-10073	0	0	1
376	Ccdc7a	NM_001197041	116283	0	0	0
377	Slc44a2	NM_001199186	-3367	0	0	0
378	Maged2	NM_001199246	7	1	1	1
379	Apoo	NM_001199338	82	1	1	1
380	Rpl34-ps1	NM_001199350	-97519	0	0	0
381	Apbb2	NM_001201415	91452	0	0	1
382	Apbb2	NM_001201416	13865	0	0	1
383	Rapgef4	NM_001204166	2073	0	0	1
384	Rapgef4	NM_001204166	2098	0	0	1
385	Hdac7	NM_001204278	-31453	0	0	1
386	H60c	NM_001204916	32870	0	0	0
387	Jdp2	NM_001205053	38167	0	0	1
388	Iffo2	NM_001205173	-18514	0	0	1
389	Hk3	NM_001206391	15858	0	1	0
390	Rnf223	NM_001220499	-1250	0	0	0
391	Gm15140	NM_001243017	50607	0	0	0
392	Gm15140	NM_001243017	50607	0	0	0
393	Gm15140	NM_001243017	50607	0	0	0
394	Sema3a	NM_001243072	-301629	0	0	0
395	Clcn5	NM_001243762	191	1	1	0
396	Clcn5	NM_001243762	173	1	1	0
397	A630023A22Rik	NM_001251843	-4492	0	0	0
398	Cacna1a	NM_001252061	-61577	0	0	0
399	Mest	NM_001252293	-13421	0	0	0
400	Fam19a5	NM_001252310	26127	0	0	1
401	St6gal1	NM_001252506	10339	0	0	1
402	Sulf2	NM_001252578	56981	0	0	1
403	Zmynd8	NM_001252587	-43147	0	0	0
404	Cdh23	NM_001252635	10447	0	0	1
405	Cdh23	NM_001252635	103307	0	0	1
406	Tbc1d7	NM_001252639	-40327	0	0	1
407	Ssx2ip	NM_001253770	1889	0	0	1
408	Irx3	NM_001253822	-54574	0	0	0
409	Atp2c1	NM_001253831	9294	0	0	1
410	Tcf12	NM_001253865	-43450	0	0	0
411	7530416G11Rik	NM_001256072	-31230	0	0	0
412	7530416G11Rik	NM_001256072	-4510	0	0	0
413	7530416G11Rik	NM_001256072	-4507	0	0	0
414	7530416G11Rik	NM_001256072	-4489	0	0	0
415	Mtif3	NM_001256101	5445	0	0	1
416	Fsbp	NM_001256142	-1084	0	0	1
417	C330006A16Rik	NM_001256522	697	1	1	0
418	Dpf3	NM_001267625	60231	0	0	1
419	Igip	NM_001267796	20338	0	0	0
420	Ankra2	NM_001271388	18613	0	0	0
421	Enox2	NM_001271451	-43700	0	0	0
422	Cd82	NM_001271462	2516	0	0	1
423	Tfe3	NM_001271489	424	1	1	1
424	Tfe3	NM_001271489	387	1	1	0
425	Myh14	NM_001271538	26622	0	0	1
426	Cdc7	NM_001271566	87354	0	0	0
427	Cdc7	NM_001271566	72921	0	0	0
428	Cdc7	NM_001271566	87434	0	0	0
429	Eps8	NM_001271589	35779	0	0	1
430	Ackr3	NM_001271607	54006	0	0	0
431	Wnk3	NM_001271678	-29078	0	0	0
432	Wnk3	NM_001271678	-29066	0	0	0
433	Hpn	NM_001276269	1812	0	1	0
434	Setmar	NM_001276356	-199161	0	0	0
435	Lef1	NM_001276403	65248	0	0	1
436	Dag1	NM_001276486	-4017	0	0	0
437	Chd7	NM_001277149	163806	0	1	0
438	Chd7	NM_001277149	163759	0	1	0
439	Pex5	NM_001277330	4298	0	0	1
440	Gm11780	NM_001277919	-27034	0	0	0
441	Gm11780	NM_001277919	-27029	0	0	0
442	Cryaa	NM_001278570	84846	0	0	0
443	Adora2b	NM_007413	-8212	0	0	0
444	Adra1b	NM_007416	21052	0	0	1
445	Adra1b	NM_007416	22280	0	0	1
446	Abcd1	NM_007435	210	1	1	0
447	Abcd1	NM_007435	640	1	1	0
448	Abcd1	NM_007435	688	1	1	0
449	Slc25a5	NM_007451	305	1	0	1
450	Ap1m1	NM_007456	28754	0	0	0
451	Rplp0	NM_007475	-23427	0	0	1
452	Arf2	NM_007477	75124	0	0	0
453	Arhgdib	NM_007486	-4602	0	0	0
454	Arx	NM_007492	12435	0	0	0
455	Arx	NM_007492	12463	0	0	0
456	Arx	NM_007492	11129	0	1	0
457	Asgr2	NM_007493	-7625	0	0	0
458	Slc7a3	NM_007515	446	1	1	0
459	Bach1	NM_007520	52481	0	0	0
460	Bach1	NM_007520	52438	0	0	0
461	Nkx3-2	NM_007524	9562	0	0	0
462	Bgn	NM_007542	40	1	1	0
463	Cxcr5	NM_007551	-24965	0	0	0
464	Bmp2	NM_007553	24577	0	0	0
465	Zfp36l1	NM_007564	99069	0	0	0
466	Btg2	NM_007570	-6844	0	0	0
467	Cdh15	NM_007662	21762	0	0	0
468	Cdx4	NM_007674	244	1	1	0
469	Chil1	NM_007695	1102	0	1	0
470	Socs3	NM_007707	20097	0	0	0
471	Cox7c	NM_007749	151348	0	0	0
472	Cox7c	NM_007749	-1081698	0	0	0
473	Cox8b	NM_007751	-2118	0	0	0
474	Crhr1	NM_007762	-60023	0	0	0
475	Cycs	NM_007808	20650	0	0	0
476	Cyp26a1	NM_007811	5147	0	0	0
477	Cyp3a13	NM_007819	6041	0	1	0
478	Dnase1l3	NM_007870	63039	0	1	0
479	S1pr1	NM_007901	58191	0	0	0
480	Edn2	NM_007902	-149387	0	0	1
481	Edn3	NM_007903	-58540	0	0	1
482	Edn3	NM_007903	52764	0	0	0
483	Edn3	NM_007903	140931	0	0	0
484	Ednrb	NM_007904	65398	0	0	0
485	Ednrb	NM_007904	39078	0	0	0
486	Ednrb	NM_007904	65365	0	0	0
487	Elk4	NM_007923	809	1	0	1
488	Eln	NM_007925	-7022	0	0	0
489	Emd	NM_007927	218	1	1	0
490	Emd	NM_007927	182	1	1	0
491	Eng	NM_007932	15977	0	0	1
492	Epha8	NM_007939	-38800	0	1	0
493	Epha8	NM_007939	-8361	0	0	0
494	Epha8	NM_007939	-38735	0	1	0
495	Stx2	NM_007941	2098	0	0	1
496	Erh	NM_007951	43636	0	0	1
497	F8a	NM_007978	263	1	1	0
498	F8a	NM_007978	294	1	1	0
499	F8a	NM_007978	306	1	1	0
500	F8a	NM_007978	28	1	1	0
501	F9	NM_007979	-279307	0	0	0
502	F9	NM_007979	-432047	0	0	0
503	Fgd1	NM_008001	451	1	1	0
504	Fgd1	NM_008001	241	1	1	0
505	Fgd1	NM_008001	555	1	1	0
506	Fgd1	NM_008001	232	1	1	0
507	Fgf2	NM_008006	-5430	0	0	0
508	Foxl1	NM_008024	207101	0	0	0
509	Foxl1	NM_008024	34469	0	0	0
510	Fosl2	NM_008037	-82825	0	0	1
511	Igfbp7	NM_008048	-175	1	0	0
512	Fzd7	NM_008057	2294	0	1	0
513	Fzd7	NM_008057	-100439	0	0	0
514	Fzd7	NM_008057	-104591	0	0	0
515	Gabrr2	NM_008076	3419	0	0	1
516	B4galnt1	NM_008080	-20417	0	0	0
517	Gata1	NM_008089	-3660	0	0	0
518	Gata1	NM_008089	-3839	0	0	0
519	Gata2	NM_008090	1981	0	1	0
520	Gata3	NM_008091	3958	0	1	0
521	Mtpn	NM_008098	36189	0	0	0
522	Gjb1	NM_008124	7487	0	1	0
523	Gnat2	NM_008141	-22	1	0	0
524	Gnat2	NM_008141	-46	1	0	0
525	Gnrh1	NM_008145	64505	0	0	1
526	Gpc4	NM_008150	879	1	0	1
527	Gpc4	NM_008150	531	1	0	1
528	Gpc4	NM_008150	433	1	0	1
529	Gpc4	NM_008150	410	1	0	1
530	Gpc4	NM_008150	397	1	0	1
531	Gpc4	NM_008150	530	1	0	1
532	Gpr65	NM_008152	47618	0	0	0
533	Rhpn1	NM_008164	19856	0	0	0
534	Grid1	NM_008166	9849	0	0	1
535	Grm8	NM_008174	19860	0	0	1
536	Gspt2	NM_008179	496	1	1	0
537	Hccs	NM_008222	92	1	1	0
538	Hccs	NM_008222	167	1	1	0
539	Hccs	NM_008222	142	1	1	0
540	Hccs	NM_008222	177	1	1	0
541	Foxj1	NM_008240	-19332	0	1	0
542	Foxj1	NM_008240	-19184	0	0	1
543	Foxj1	NM_008240	-19331	0	1	0
544	Hoxa4	NM_008265	1195	0	1	1
545	Hoxa4	NM_008265	1112	0	1	1
546	Hsd17b3	NM_008291	94910	0	0	0
547	Htr2c	NM_008312	378	1	1	0
548	Irf8	NM_008320	56492	0	0	0
549	Idh3g	NM_008323	318	1	0	1
550	Itgal	NM_008400	227	1	1	0
551	Itgal	NM_008400	184	1	1	0
552	Kcna3	NM_008418	1668	0	1	0
553	Kcne1	NM_008424	1946	0	0	1
554	Kcnu1	NM_008432	60524	0	0	1
555	Klf3	NM_008453	-49940	0	0	0
556	Lamb2	NM_008483	1987	0	1	0
557	Lcat	NM_008490	178	1	1	0
558	Lhx5	NM_008499	10069	0	0	0
559	Mycl	NM_008506	4024	0	1	0
560	Sh2b3	NM_008507	7742	0	1	0
561	Sh2b3	NM_008507	7805	0	1	0
562	Sh2b3	NM_008507	7775	0	1	0
563	Sh2b3	NM_008507	8181	0	1	0
564	Cd180	NM_008533	-25308	0	0	0
565	Smad6	NM_008542	51527	0	0	1
566	Ascl2	NM_008554	8704	0	0	0
567	Abcc1	NM_008576	77703	0	0	1
568	Mitf	NM_008601	22013	0	1	0
569	Mitf	NM_008601	21952	0	1	0
570	Myom2	NM_008664	468270	0	0	0
571	Nat1	NM_008673	-125304	0	0	0
572	Ndrg1	NM_008681	-733	1	0	0
573	Ngp	NM_008694	21059	0	0	1
574	Ngp	NM_008694	20881	0	0	1
575	Mycn	NM_008709	-101480	0	0	0
576	Mycn	NM_008709	-101474	0	0	0
577	Nog	NM_008711	-37912	0	0	0
578	Notch1	NM_008714	-22666	0	0	0
579	Npas1	NM_008718	1263	0	1	0
580	Npas2	NM_008719	-88448	0	0	0
581	Ntn1	NM_008744	186705	0	0	1
582	P2rx1	NM_008771	-112	1	0	0
583	Pdgfa	NM_008808	16349	0	0	1
584	Pdha1	NM_008810	243	1	0	1
585	Pdha2	NM_008811	699747	0	0	0
586	Phka1	NM_008832	-136	1	0	0
587	Phka1	NM_008832	-114	1	0	0
588	Phka1	NM_008832	-121	1	0	0
589	Prkci	NM_008857	34447	0	0	1
590	Plg	NM_008877	40190	0	0	1
591	Pipox	NM_008952	-3468	0	0	0
592	Pten	NM_008960	147354	0	0	0
593	Ptgfr	NM_008966	-122061	0	0	0
594	Ptgir	NM_008967	3488	0	1	0
595	Ptp4a3	NM_008975	7388	0	1	0
596	Nectin2	NM_008990	5121	0	0	1
597	Rasa3	NM_009025	17203	0	0	1
598	Rbbp7	NM_009031	303	1	1	1
599	Rcvrn	NM_009038	-47989	0	0	1
600	Rela	NM_009045	12158	0	0	0
601	Rpl29	NM_009082	4322	0	0	1
602	Rxrg	NM_009107	8948	0	0	1
603	Sat1	NM_009121	-35	1	0	0
604	Atxn1	NM_009124	92630	0	0	1
605	Selplg	NM_009151	-14223	0	0	1
606	Shfm1	NM_009169	72033	0	0	0
607	Siah1b	NM_009173	134	1	0	1
608	Siah1b	NM_009173	-92	1	0	0
609	St3gal2	NM_009179	-7694	0	0	0
610	Slc12a2	NM_009194	61484	0	1	0
611	Slc16a2	NM_009197	399	1	1	0
612	Slc16a2	NM_009197	382	1	1	0
613	Slc16a2	NM_009197	364	1	1	0
614	Slc22a12	NM_009203	-22295	0	0	0
615	Sms	NM_009214	-172	1	0	0
616	Sox3	NM_009237	63	1	1	0
617	Mucl1	NM_009268	74508	0	0	1
618	Sqle	NM_009270	20064	0	1	0
619	Stag1	NM_009282	-21548	0	0	0
620	Svs5	NM_009301	1530	0	1	0
621	Swap70	NM_009302	157953	0	0	1
622	Swap70	NM_009302	157935	0	0	1
623	Tac1	NM_009311	59111	0	0	0
624	Tff1	NM_009362	2316	0	1	0
625	Tgfbr2	NM_009371	71177	0	0	1
626	Thrb	NM_009380	103439	0	0	0
627	Tkt	NM_009388	-19551	0	0	0
628	Tle3	NM_009389	62021	0	0	0
629	Ttk	NM_009445	-3147	0	0	0
630	Zrsr2	NM_009453	443	1	0	1
631	Zrsr2	NM_009453	674	1	1	0
632	Uros	NM_009479	7708	0	0	1
633	Usp9x	NM_009481	64	1	1	0
634	Usp9x	NM_009481	70	1	1	0
635	Usp9x	NM_009481	198	1	1	0
636	Usp9x	NM_009481	863	1	0	1
637	Vamp3	NM_009498	-233036	0	0	1
638	Vamp3	NM_009498	-86178	0	1	0
639	Nrsn1	NM_009513	99168	0	0	1
640	Wnt11	NM_009519	65025	0	0	1
641	Wnt11	NM_009519	25070	0	0	0
642	Xrcc1	NM_009532	681	1	1	0
643	Xrcc1	NM_009532	690	1	1	0
644	Xrcc5	NM_009533	72520	0	0	1
645	Xrcc5	NM_009533	72504	0	0	1
646	Plagl1	NM_009538	56	1	1	0
647	Zfpm1	NM_009569	27395	0	0	1
648	Zfpm1	NM_009569	27345	0	0	1
649	Zfpm1	NM_009569	27360	0	0	1
650	Zic3	NM_009575	1510	0	1	0
651	Zic3	NM_009575	-110131	0	0	0
652	Zic3	NM_009575	-15242	0	0	0
653	Zic3	NM_009575	1550	0	1	0
654	Zic3	NM_009575	1258	0	1	0
655	Zic3	NM_009575	1391	0	1	0
656	Zic3	NM_009575	1538	0	1	0
657	Abcb7	NM_009592	-41	1	0	0
658	Adam19	NM_009616	-29845	0	0	0
659	Avil	NM_009635	5835	0	1	0
660	Agtrap	NM_009642	-19943	0	1	0
661	Anp32a	NM_009672	80176	0	0	1
662	Aoc3	NM_009675	7180	0	1	0
663	Arhgap6	NM_009707	133	1	1	0
664	Neurog2	NM_009718	700	1	1	0
665	Atp7a	NM_009726	-156	1	0	0
666	Atp10a	NM_009728	178772	0	0	0
667	Atp10a	NM_009728	178788	0	0	0
668	Bcl6	NM_009744	-17579	0	0	0
669	Capn2	NM_009794	16065	0	0	1
670	Car2	NM_009801	1686	0	0	1
671	Car2	NM_009801	1659	0	0	1
672	Cask	NM_009806	-129536	0	0	0
673	Casp14	NM_009809	18283	0	0	0
674	Noct	NM_009834	-15072	0	0	0
675	Entpd1	NM_009848	3961	0	0	1
676	Cd83	NM_009856	85907	0	0	0
677	Cdh5	NM_009868	-245996	0	0	0
678	Cdh5	NM_009868	-245990	0	0	0
679	Celsr1	NM_009886	54899	0	1	0
680	Cldn4	NM_009903	1133	0	1	0
681	Col11a2	NM_009926	17868	0	1	0
682	Col15a1	NM_009928	-6730	0	0	0
683	Col4a1	NM_009931	85267	0	0	1
684	Igf2bp1	NM_009951	162	1	1	0
685	Cryz	NM_009968	-119115	0	0	0
686	Dct	NM_010024	147845	0	0	1
687	Dct	NM_010024	147862	0	0	1
688	Drp2	NM_010078	26995	0	0	1
689	Dvl1	NM_010091	7085	0	0	1
690	Dvl1	NM_010091	7057	0	1	0
691	E2f3	NM_010093	44650	0	0	1
692	S1pr3	NM_010101	-15645	0	0	0
693	S1pr4	NM_010102	869	1	1	0
694	S1pr4	NM_010102	852	1	1	0
695	S1pr4	NM_010102	899	1	1	0
696	Efnb1	NM_010110	1343	0	0	1
697	Efnb1	NM_010110	1160	0	0	1
698	Efnb1	NM_010110	1114	0	0	1
699	Efnb1	NM_010110	1348	0	0	1
700	Adgre1	NM_010130	25160	0	0	1
701	En1	NM_010133	-48516	0	0	0
702	Epha7	NM_010141	303751	0	0	0
703	Ephb2	NM_010142	5807	0	0	1
704	Ephb2	NM_010142	5815	0	0	1
705	Ext1	NM_010162	49396	0	0	1
706	Fgf13	NM_010200	-422289	0	0	0
707	Ctgf	NM_010217	55897	0	1	0
708	Flt1	NM_010228	-60902	0	0	0
709	Aktip	NM_010241	-40874	0	0	0
710	Fut4	NM_010242	846	1	1	0
711	Fut9	NM_010243	130607	0	0	1
712	Fzd9	NM_010246	-7454	0	0	0
713	Fzd9	NM_010246	-7473	0	0	0
714	Fzd9	NM_010246	-7484	0	0	0
715	Ggta1	NM_010283	24612	0	0	1
716	Gja1	NM_010288	63136	0	0	0
717	Gjb5	NM_010291	-61739	0	0	0
718	Gclc	NM_010295	62730	0	0	0
719	Emb	NM_010330	-43360	0	0	0
720	Gpr50	NM_010340	-1749	0	0	0
721	Gsr	NM_010344	13095	0	0	1
722	Gsr	NM_010344	-699	1	0	0
723	Gsr	NM_010344	-849	1	0	0
724	Gsr	NM_010344	-825	1	0	0
725	Hdac6	NM_010413	572	1	0	1
726	Hey1	NM_010423	-50749	0	0	0
727	Hmx1	NM_010445	-12685	0	0	0
728	Hoxa2	NM_010451	-11792	0	0	1
729	Hoxa2	NM_010451	-3943	0	0	0
730	Hoxa2	NM_010451	-3963	0	0	0
731	Hoxa2	NM_010451	-3933	0	0	0
732	Hoxa2	NM_010451	-3939	0	0	0
733	Hoxa5	NM_010453	-257	1	0	1
734	Hrc	NM_010473	6626	0	0	1
735	Slc6a4	NM_010484	-23421	0	0	1
736	Cyr61	NM_010516	-53676	0	0	0
737	Igfbp5	NM_010518	14620	0	1	0
738	Il10	NM_010548	-1096	0	0	0
739	Il16	NM_010551	12752	0	0	1
740	Il6ra	NM_010559	221	1	0	1
741	Irs4	NM_010572	219	1	1	0
742	Irs4	NM_010572	244	1	1	0
743	Irs4	NM_010572	1372	0	1	0
744	Irs4	NM_010572	226	1	1	0
745	Irs4	NM_010572	209	1	1	0
746	Irs4	NM_010572	1382	0	1	0
747	Kap	NM_010594	15227	0	0	0
748	Klf4	NM_010637	-440503	0	0	0
749	Krt18	NM_010664	1297	0	1	0
750	Lamc1	NM_010683	10884	0	0	1
751	Lcp2	NM_010696	7843	0	0	1
752	Lef1	NM_010703	-74369	0	0	0
753	Lmo4	NM_010723	-151402	0	0	0
754	Lmo4	NM_010723	-151419	0	0	0
755	Lmx1b	NM_010725	55419	0	0	1
756	Loxl1	NM_010729	344	1	1	0
757	Mageb1	NM_010759	-20174	0	0	0
758	Mageb1	NM_010759	-20174	0	0	0
759	Grap2	NM_010815	6819	0	0	1
760	Mpdz	NM_010820	264902	0	0	0
761	Msn	NM_010833	-58	1	0	0
762	Myl2	NM_010861	8868	0	0	1
763	Ncf1	NM_010876	13760	0	0	1
764	Ncf1	NM_010876	3996	0	0	1
765	Ncf1	NM_010876	3950	0	1	0
766	Neurog1	NM_010896	29623	0	0	0
767	Nnmt	NM_010924	-105501	0	0	1
768	P2rx4	NM_011026	-29466	0	0	1
769	Piga	NM_011081	29	1	1	0
770	Prkce	NM_011104	48545	0	0	1
771	Plaur	NM_011113	4331	0	0	1
772	Pon1	NM_011134	54127	0	0	1
773	Pon1	NM_011134	99270	0	0	1
774	Pstpip1	NM_011193	7925	0	0	1
775	Ptpn13	NM_011204	-37200	0	0	0
776	Rab33a	NM_011228	132	1	1	0
777	Rab33a	NM_011228	130	1	1	0
778	Rab33a	NM_011228	144	1	1	0
779	Rab33a	NM_011228	150	1	1	0
780	Rab33a	NM_011228	134	1	1	0
781	Rasgrp1	NM_011246	-95270	0	0	0
782	Rnf7	NM_011279	-21517	0	0	0
783	Sub1	NM_011294	-43535	0	0	0
784	Sema7a	NM_011352	28485	0	0	0
785	Sema7a	NM_011352	28486	0	0	0
786	Spi1	NM_011355	350	1	0	1
787	Spi1	NM_011355	386	1	0	1
788	Spi1	NM_011355	401	1	0	1
789	Spi1	NM_011355	351	1	0	1
790	St6galnac4	NM_011373	720	1	0	1
791	Six2	NM_011380	-3669	0	0	0
792	Six2	NM_011380	917	1	0	1
793	Slit3	NM_011412	195713	0	0	1
794	Sstr5	NM_011425	8705	0	0	0
795	Snai1	NM_011427	24020	0	0	0
796	Sod3	NM_011435	19204	0	0	1
797	Sorl1	NM_011436	130774	0	0	1
798	Sox14	NM_011440	820	1	1	0
799	Spink4	NM_011463	-11133	0	0	0
800	Syk	NM_011518	42847	0	0	1
801	Tbxas1	NM_011539	51893	0	0	1
802	Thbs2	NM_011581	53389	0	0	0
803	Thbs2	NM_011581	53391	0	0	0
804	Atp6v0a2	NM_011596	-5852	0	0	1
805	Cd40	NM_011611	10102	0	0	1
806	Nr2c1	NM_011629	3887	0	0	1
807	Plscr1	NM_011636	3524	0	0	1
808	Plscr1	NM_011636	3477	0	0	1
809	Tsn	NM_011650	237803	0	0	0
810	Tuft1	NM_011656	32559	0	0	1
811	Vbp1	NM_011692	488	1	0	1
812	Vwf	NM_011708	50937	0	0	1
813	Vwf	NM_011708	50897	0	0	1
814	Dctn6	NM_011722	13497	0	0	1
815	Dctn6	NM_011722	13498	0	0	1
816	Xlr	NM_011725	-178767	0	0	0
817	Zfx	NM_011768	474	1	0	1
818	Zfx	NM_011768	912	1	0	1
819	Zfx	NM_011768	905	1	0	1
820	Zfx	NM_011768	701	1	0	1
821	Ikzf4	NM_011772	-10699	0	0	0
822	Cdc6	NM_011799	1173	0	0	1
823	Cdc6	NM_011799	1179	0	0	1
824	Cdc6	NM_011799	1172	0	0	1
825	Dlg2	NM_011807	417813	0	0	1
826	Gadd45g	NM_011817	-12634	0	0	0
827	Ggt5	NM_011820	4026	0	0	1
828	Lamc3	NM_011836	-6512	0	0	0
829	Esyt1	NM_011843	-993	1	0	0
830	Tenm1	NM_011855	-155522	0	0	0
831	Spry1	NM_011896	3000	0	1	0
832	Spry1	NM_011896	-26180	0	0	0
833	Psg18	NM_011963	-34151	0	0	0
834	Psmb3	NM_011971	15382	0	1	0
835	Psmb3	NM_011971	15375	0	1	0
836	Dpysl4	NM_011993	-65016	0	0	1
837	Med14	NM_012005	538	1	0	1
838	Gprin1	NM_012014	-2702	0	0	0
839	Etv3	NM_012051	-25292	0	1	0
840	Srp9	NM_012058	-9841	0	0	0
841	Btk	NM_013482	-545	1	0	0
842	Kcna6	NM_013568	34650	0	0	0
843	Lifr	NM_013584	10302	0	0	1
844	Nr4a2	NM_013613	236043	0	0	0
845	Odf2	NM_013615	3485	0	1	1
846	Tcte1	NM_013688	-5582	0	0	1
847	Tcte1	NM_013688	-5564	0	0	1
848	Klf10	NM_013692	-71952	0	0	0
849	Txk	NM_013698	11	1	1	1
850	Fgd2	NM_013710	37972	0	0	0
851	Podxl	NM_013723	-50544	0	0	0
852	Podxl	NM_013723	1793	0	0	1
853	Nrk	NM_013724	-74	1	0	0
854	Phlda3	NM_013750	-10483	0	0	0
855	Phlda3	NM_013750	-5883	0	0	0
856	Npas3	NM_013780	43458	0	0	1
857	Sh2d3c	NM_013781	-1474	0	0	0
858	Rasal1	NM_013832	-5072	0	0	0
859	Ermap	NM_013848	476	1	0	1
860	Ermap	NM_013848	453	1	0	1
861	Spdef	NM_013891	10357	0	0	1
862	Timm8a1	NM_013898	161	1	1	0
863	Timm8a1	NM_013898	161	1	1	0
864	Kdm2b	NM_013910	-30304	0	0	1
865	Apln	NM_013912	1246	0	0	1
866	Apln	NM_013912	1290	0	0	1
867	Hnf4g	NM_013920	-382613	0	0	0
868	Myo9b	NM_015742	23873	0	0	1
869	Hunk	NM_015755	32410	0	0	1
870	Dlc1	NM_015802	51233	0	0	0
871	Rgs6	NM_015812	-124320	0	0	0
872	Rgs6	NM_015812	-106485	0	0	0
873	Hs6st2	NM_015819	228	1	1	0
874	Hs6st2	NM_015819	213	1	1	0
875	Hs6st2	NM_015819	243	1	1	0
876	Pknox1	NM_016670	273	1	0	1
877	Hpcal1	NM_016677	302751	0	0	0
878	Gpc3	NM_016697	176	1	1	1
879	Dlg3	NM_016747	620	1	1	0
880	Pbx3	NM_016768	-18699	0	0	0
881	Ech1	NM_016772	2748	0	0	1
882	Pgrmc1	NM_016783	72	1	1	0
883	Chst3	NM_016803	35568	0	1	0
884	Mtx2	NM_016804	174839	0	0	0
885	Mtx2	NM_016804	100590	0	0	0
886	Stac	NM_016853	-89582	0	0	0
887	Ppp1r3c	NM_016854	20286	0	0	0
888	Esd	NM_016903	65509	0	0	1
889	Prkx	NM_016979	-369	1	0	0
890	Mtmr1	NM_016985	233	1	1	0
891	Mtmr1	NM_016985	384	1	0	1
892	Mtmr1	NM_016985	184	1	1	0
893	Sept9	NM_017380	-18914	0	0	1
894	Rab11a	NM_017382	64414	0	0	1
895	Cntn6	NM_017383	299163	0	0	1
896	Cntn6	NM_017383	214644	0	0	1
897	Zfp326	NM_018759	101851	0	0	0
898	Bri3	NM_018772	3069	0	0	1
899	Skap2	NM_018773	159687	0	0	0
900	Egr3	NM_018781	-45160	0	0	1
901	Ubqln2	NM_018798	144	1	1	0
902	Ubqln2	NM_018798	51	1	1	0
903	Ubqln2	NM_018798	129	1	1	0
904	Ubqln2	NM_018798	622	1	1	0
905	Sgsh	NM_018822	4449	0	0	1
906	Rplp1	NM_018853	208123	0	0	0
907	Pebp1	NM_018858	56377	0	0	1
908	Akr1e1	NM_018859	-220848	0	0	0
909	Adgrg1	NM_018882	2018	0	0	1
910	Cetn2	NM_019405	162	1	0	1
911	Ppp2ca	NM_019411	-21684	0	0	1
912	Epb41l4b	NM_019427	59814	0	0	1
913	Epb41l4b	NM_019427	59950	0	0	1
914	Tmem37	NM_019432	28703	0	0	1
915	Panx1	NM_019482	37788	0	1	0
916	Ammecr1	NM_019496	539	1	0	1
917	Ammecr1	NM_019496	134	1	1	0
918	Ammecr1	NM_019496	514	1	1	0
919	Ammecr1	NM_019496	513	1	1	0
920	Ammecr1	NM_019496	556	1	0	1
921	Ammecr1	NM_019496	360	1	1	0
922	Ammecr1	NM_019496	-531	1	0	0
923	Ammecr1	NM_019496	431	1	1	0
924	Trpc3	NM_019510	37318	0	0	1
925	Uchl5	NM_019562	102	1	1	0
926	Uchl5	NM_019562	86	1	1	0
927	Uchl5	NM_019562	97	1	1	0
928	Uchl5	NM_019562	77	1	1	0
929	Uchl5	NM_019562	84	1	1	0
930	Rev1	NM_019570	-265761	0	0	1
931	Rev1	NM_019570	-265672	0	0	1
932	Rev1	NM_019570	-265662	0	0	1
933	Scamp4	NM_019575	3788	0	1	1
934	Scamp4	NM_019575	3758	0	1	1
935	Metap2	NM_019648	-16288	0	0	0
936	Ykt6	NM_019661	32268	0	0	1
937	Ube2a	NM_019668	552	1	0	1
938	Ube2a	NM_019668	-256	1	0	0
939	Ube2a	NM_019668	491	1	0	1
940	Ube2a	NM_019668	-97	1	0	0
941	Ube2a	NM_019668	-105	1	0	0
942	Ube2a	NM_019668	-126	1	0	0
943	Ube2a	NM_019668	496	1	0	1
944	Elf4	NM_019680	-266	1	0	0
945	Elf4	NM_019680	9788	0	0	1
946	Elf4	NM_019680	9782	0	0	1
947	Elf4	NM_019680	-26	1	0	0
948	Elf4	NM_019680	20	1	1	0
949	Kcnd2	NM_019697	-664733	0	0	0
950	Tmem115	NM_019704	-13370	0	0	1
951	Foxo1	NM_019739	128493	0	0	0
952	Pdcd10	NM_019745	90397	0	0	0
953	Htra2	NM_019752	3050	0	1	0
954	Mtch2	NM_019758	134	1	1	0
955	Mtch2	NM_019758	182	1	1	0
956	Mtch2	NM_019758	151	1	1	0
957	Mtch2	NM_019758	157	1	1	0
958	Mtch2	NM_019758	155	1	1	0
959	Spen	NM_019763	32114	0	0	1
960	Snd1	NM_019776	138826	0	0	1
961	Ikbke	NM_019777	4259	0	0	1
962	Dnaja2	NM_019794	-45005	0	0	0
963	Git2	NM_019834	3	1	1	0
964	B4galt5	NM_019835	-23151	0	0	0
965	Pdgfc	NM_019971	21904	0	0	1
966	Litaf	NM_019980	-5082	0	0	0
967	Sh3bgrl	NM_019989	-185	1	0	0
968	Pnkd	NM_019999	8073	0	0	1
969	B3galt2	NM_020025	-1137945	0	0	0
970	Zbtb33	NM_020256	-9715	0	0	0
971	Hhip	NM_020259	82942	0	1	0
972	Dkk2	NM_020265	-165776	0	0	0
973	Ank	NM_020332	-148049	0	0	0
974	Ank	NM_020332	-148066	0	0	0
975	Gabrq	NM_020488	-144	1	0	0
976	Gabrq	NM_020488	-95	1	0	0
977	Xpo4	NM_020506	-31150	0	0	1
978	Fbxo3	NM_020593	726	1	0	1
979	Rlbp1	NM_020599	18061	0	0	0
980	Srd5a3	NM_020611	-60429	0	0	0
981	Kit	NM_021099	3981	0	0	1
982	Kit	NM_021099	3950	0	0	1
983	Fabp7	NM_021272	-57073	0	0	1
984	Tmsb4x	NM_021278	63143	0	0	0
985	Piwil1	NM_021311	56282	0	0	1
986	Stk4	NM_021420	11184	0	0	1
987	Shank3	NM_021423	27060	0	0	1
988	Shank3	NM_021423	23856	0	0	1
989	Dexi	NM_021428	229	1	1	0
990	Pmaip1	NM_021451	9342	0	0	0
991	Pmaip1	NM_021451	9583	0	0	0
992	Rnf32	NM_021470	-10611	0	0	0
993	Arhgap23	NM_021493	13484	0	1	0
994	Med12	NM_021521	70	1	1	0
995	Huwe1	NM_021523	29	1	1	0
996	Huwe1	NM_021523	76	1	1	0
997	Chst12	NM_021528	3466	0	0	1
998	Chst7	NM_021715	519	1	1	0
999	Chst7	NM_021715	64	1	1	0
1000	Chst7	NM_021715	515	1	1	0
1001	Oca2	NM_021879	123638	0	0	1
1002	Slc13a2	NM_022411	-1181	0	0	0
1003	Lpin2	NM_022882	-50736	0	0	0
1004	Bhmt2	NM_022884	16279	0	0	1
1005	Slc30a5	NM_022885	-27899	0	0	0
1006	Pmepa1	NM_022995	-2666	0	0	0
1007	Rnf128	NM_023270	469	1	1	1
1008	Sdhb	NM_023374	10765	0	0	1
1009	Wfdc1	NM_023395	12981	0	1	0
1010	Npc2	NM_023409	12432	0	0	1
1011	Elac2	NM_023479	-234280	0	0	0
1012	Cad	NM_023525	12287	0	1	0
1013	Muc2	NM_023566	-1968	0	0	0
1014	Esm1	NM_023612	467	1	1	0
1015	Isyna1	NM_023627	2148	0	0	1
1016	Trim29	NM_023655	127959	0	0	0
1017	Pi16	NM_023734	3909	0	0	1
1018	Tfcp2l1	NM_023755	-38142	0	0	1
1019	4930550L24Rik	NM_023774	-390005	0	0	0
1020	Etv5	NM_023794	-1258	0	0	0
1021	Etv5	NM_023794	-27004	0	1	0
1022	Riok1	NM_024242	43912	0	0	0
1023	1500015O10Rik	NM_024283	-40734	0	0	0
1024	Morf4l1	NM_024431	29844	0	0	0
1025	Nudt7	NM_024446	-32459	0	0	0
1026	Col26a1	NM_024474	1215	0	0	1
1027	Col26a1	NM_024474	79803	0	0	1
1028	Rsph1	NM_025290	20573	0	0	1
1029	Nenf	NM_025424	21290	0	0	0
1030	Tm4sf20	NM_025453	6581	0	0	1
1031	Eapp	NM_025456	-7193	0	0	0
1032	1700020L24Rik	NM_025492	5140	0	1	0
1033	Gmpr	NM_025508	38573	0	1	0
1034	Cyb5b	NM_025558	-3293	0	0	0
1035	Fam136a	NM_025591	-21561	0	0	0
1036	Cul7	NM_025611	7100	0	0	1
1037	Pomp	NM_025624	-65333	0	0	0
1038	Zwint	NM_025635	50062	0	0	0
1039	Mis18a	NM_025642	111843	0	0	0
1040	Gtf3a	NM_025652	-35084	0	0	0
1041	Rpe	NM_025683	-41215	0	0	1
1042	Tab3	NM_025729	-138	1	0	0
1043	Tab3	NM_025729	-173	1	0	0
1044	Tab3	NM_025729	-177	1	0	0
1045	Tab3	NM_025729	-147	1	0	0
1046	Tab3	NM_025729	-135	1	0	0
1047	Tab3	NM_025729	-134	1	0	0
1048	Tab3	NM_025729	-72	1	0	0
1049	4921530L21Rik	NM_025733	-362684	0	0	0
1050	Rnf220	NM_025739	51103	0	0	1
1051	Rnf220	NM_025739	51118	0	0	1
1052	Asb17	NM_025758	-24283	0	0	0
1053	Bcl2l14	NM_025778	-134544	0	1	0
1054	Thap2	NM_025780	-144	1	0	0
1055	Plbd1	NM_025806	-59194	0	0	1
1056	Pccb	NM_025835	-11195	0	0	0
1057	Tmem261	NM_025849	-1011286	0	0	1
1058	Fam210b	NM_025912	9381	0	1	0
1059	Rars	NM_025936	-53172	0	0	1
1060	Cdt1	NM_026014	-3015	0	0	0
1061	Srfbp1	NM_026040	51	1	1	0
1062	Srfbp1	NM_026040	10	1	1	0
1063	Srfbp1	NM_026040	19	1	1	0
1064	Srfbp1	NM_026040	33	1	1	0
1065	Ccdc53	NM_026070	48543	0	0	0
1066	Fam132a	NM_026125	6567	0	0	0
1067	Klhl13	NM_026167	278039	0	0	0
1068	1700019N19Rik	NM_026208	-28181	0	0	1
1069	Tmed9	NM_026211	2185	0	0	1
1070	Gramd3	NM_026240	50394	0	0	1
1071	Dusp6	NM_026268	-12108	0	0	0
1072	Dusp6	NM_026268	57870	0	0	0
1073	Dusp6	NM_026268	-12095	0	0	0
1074	Dusp6	NM_026268	7590	0	0	0
1075	Tm7sf3	NM_026281	21276	0	0	1
1076	Armc12	NM_026290	-6743	0	0	0
1077	Armc12	NM_026290	8083	0	1	0
1078	Spaca1	NM_026293	-184114	0	0	0
1079	Rnf125	NM_026301	24165	0	0	1
1080	Pop5	NM_026398	-612	1	0	0
1081	Asprv1	NM_026414	141	1	1	0
1082	Saraf	NM_026432	162460	0	0	0
1083	Ccdc80	NM_026439	2219	0	1	0
1084	Cdc42ep3	NM_026514	20134	0	1	0
1085	Etaa1	NM_026576	-244283	0	0	0
1086	Bcas2	NM_026602	47519	0	0	0
1087	Zdhhc21	NM_026647	173562	0	0	0
1088	Prps2	NM_026662	-54579	0	0	0
1089	Prps2	NM_026662	479	1	0	1
1090	Prps2	NM_026662	317	1	0	1
1091	Tmem174	NM_026685	58514	0	0	0
1092	Tspan11	NM_026743	-21563	0	0	0
1093	Mphosph6	NM_026758	-114819	0	0	0
1094	Smyd2	NM_026796	-10132	0	0	0
1095	Xrcc6bp1	NM_026858	11625	0	0	1
1096	Xrcc6bp1	NM_026858	209623	0	0	0
1097	Ap1s2	NM_026887	-98	1	0	0
1098	Comtd1	NM_026965	-3428	0	0	0
1099	Hmgb4	NM_027036	-43505	0	0	0
1100	Hmgb4	NM_027036	27043	0	0	0
1101	1700008P02Rik	NM_027048	-200809	0	0	0
1102	1700008O03Rik	NM_027049	22275	0	1	0
1103	Btbd9	NM_027060	59137	0	1	0
1104	Bap1	NM_027088	729	1	0	1
1105	Nmrk2	NM_027120	-10539	0	1	0
1106	Zdhhc25	NM_027306	-62926	0	0	0
1107	Ube2q1	NM_027315	94	1	1	0
1108	Ube2q1	NM_027315	89	1	1	0
1109	Mllt3	NM_027326	-16464	0	0	0
1110	Hdac8	NM_027382	-52	1	0	0
1111	Hdac8	NM_027382	132	1	1	0
1112	Hdac8	NM_027382	106	1	1	0
1113	Steap1	NM_027399	-678699	0	0	0
1114	Steap1	NM_027399	-678707	0	0	0
1115	Steap1	NM_027399	-678711	0	0	0
1116	Steap1	NM_027399	-678746	0	0	0
1117	Ddo	NM_027442	-241	1	0	0
1118	Ecd	NM_027475	19257	0	0	1
1119	Ecd	NM_027475	19413	0	1	0
1120	4933405L10Rik	NM_027655	19387	0	0	1
1121	Otud1	NM_027715	256855	0	0	0
1122	Fsip1	NM_027759	5312	0	1	0
1123	Rassf8	NM_027760	8730	0	1	0
1124	Rassf8	NM_027760	8896	0	1	0
1125	5430402E10Rik	NM_027768	-32377	0	0	0
1126	Dhrs2	NM_027790	-52309	0	0	0
1127	Isx	NM_027837	-65560	0	0	0
1128	Isx	NM_027837	-301176	0	0	0
1129	Snx20	NM_027840	17355	0	0	0
1130	Armcx3	NM_027870	447	1	0	1
1131	Osbpl3	NM_027881	4565	0	0	1
1132	Osbpl3	NM_027881	4585	0	0	1
1133	Tha1	NM_027919	-27754	0	0	0
1134	Tha1	NM_027919	-36014	0	0	0
1135	Ddi1	NM_027942	-184893	0	0	0
1136	Cfap45	NM_027972	8786	0	1	0
1137	Cenpu	NM_027973	-11993	0	0	0
1138	Lypd6b	NM_027990	85322	0	0	1
1139	Napg	NM_028017	-6910	0	0	0
1140	Cdca4	NM_028023	-11600	0	0	0
1141	Cdca4	NM_028023	-11578	0	0	0
1142	Dnmbp	NM_028029	49850	0	0	1
1143	Prr23a3	NM_028033	-105	1	0	0
1144	Trmu	NM_028063	65253	0	0	1
1145	Tmem68	NM_028097	161046	0	0	0
1146	Tmem68	NM_028097	161052	0	0	0
1147	Pygo1	NM_028116	-23430	0	0	1
1148	Pygo1	NM_028116	-23420	0	0	1
1149	Pygo1	NM_028116	-23992	0	0	1
1150	Adpgk	NM_028121	-68792	0	0	0
1151	Adpgk	NM_028121	-97318	0	0	0
1152	Slc37a3	NM_028123	71914	0	0	0
1153	1700021F07Rik	NM_028158	2183	0	0	1
1154	1600014C23Rik	NM_028164	214	1	1	0
1155	Plxdc1	NM_028199	31664	0	1	0
1156	Faim2	NM_028224	2525	0	0	1
1157	Cul4b	NM_028288	11264	0	1	0
1158	Cul4b	NM_028288	11310	0	0	1
1159	Cul4b	NM_028288	11294	0	0	1
1160	Zfp618	NM_028326	-142733	0	0	0
1161	Ttc9b	NM_028417	9335	0	1	0
1162	Ttc9b	NM_028417	9501	0	1	0
1163	Rflna	NM_028443	25202	0	1	0
1164	Mocs1	NM_028464	39295	0	0	1
1165	Prss52	NM_028525	152620	0	0	1
1166	Prss52	NM_028525	80088	0	0	1
1167	Prss52	NM_028525	80082	0	0	1
1168	Phf19	NM_028716	13958	0	0	1
1169	Lmntd1	NM_028742	-44398	0	0	0
1170	Rbm19	NM_028762	2303	0	1	0
1171	Tmem43	NM_028766	20085	0	0	1
1172	Robo4	NM_028783	6191	0	1	0
1173	1700017B05Rik	NM_028820	8715	0	1	0
1174	5730559C18Rik	NM_028872	3811	0	0	1
1175	Snx19	NM_028874	10152	0	1	0
1176	Xrcc3	NM_028875	18248	0	1	0
1177	Tc2n	NM_028924	31858	0	0	1
1178	Zfp558	NM_028935	10212	0	0	1
1179	Themis3	NM_028998	-92480	0	0	1
1180	Tmem114	NM_029070	307252	0	0	0
1181	Tmem114	NM_029070	594139	0	0	0
1182	Pik3cb	NM_029094	-43337	0	0	0
1183	Pik3cb	NM_029094	-27085	0	0	0
1184	Morn3	NM_029112	10012	0	0	0
1185	Morn3	NM_029112	9969	0	0	0
1186	Arhgap24	NM_029270	-20427	0	0	0
1187	Kmt2b	NM_029274	-1305	0	1	0
1188	Dynlrb2	NM_029297	-185354	0	0	0
1189	Prr29	NM_029345	-56	1	0	0
1190	Dusp9	NM_029352	61	1	1	0
1191	Dusp9	NM_029352	25	1	1	0
1192	Dusp9	NM_029352	28	1	1	0
1193	Spaca3	NM_029367	118852	0	0	1
1194	Smurf1	NM_029438	46049	0	0	1
1195	Bcor	NM_029510	296822	0	0	0
1196	Rph3al	NM_029548	9538	0	0	1
1197	Pbp2	NM_029595	20788	0	0	0
1198	Sun5	NM_029599	26946	0	0	0
1199	Lhpp	NM_029609	44510	0	0	1
1200	Lhpp	NM_029609	39243	0	0	1
1201	Prss23	NM_029614	-9732	0	0	0
1202	Commd9	NM_029635	92898	0	0	1
1203	Commd9	NM_029635	92902	0	0	1
1204	Plet1	NM_029639	-11643	0	0	0
1205	Dok5	NM_029761	-35316	0	0	0
1206	Lrg1	NM_029796	1711	0	1	0
1207	Ppp1r12c	NM_029834	-7137	0	0	1
1208	Mrap	NM_029844	4562	0	0	1
1209	Ptprb	NM_029928	-12955	0	0	0
1210	Mmab	NM_029956	8089	0	0	1
1211	Lcn12	NM_029958	2655	0	0	1
1212	Adamtsl2	NM_029981	9048	0	0	1
1213	4930562C15Rik	NM_030192	-14290	0	0	0
1214	Crispld2	NM_030209	12085	0	0	1
1215	Tusc3	NM_030254	-68351	0	0	0
1216	Pofut2	NM_030262	7083	0	0	1
1217	Nbea	NM_030595	-97917	0	0	0
1218	Hist1h1a	NM_030609	1198	0	0	0
1219	Fgf16	NM_030614	545	1	0	1
1220	Fgf16	NM_030614	554	1	0	1
1221	Nr5a2	NM_030676	-222234	0	0	0
1222	Kank3	NM_030697	-2233	0	0	0
1223	Gatsl2	NM_030719	-630684	0	0	0
1224	Cck	NM_031161	12077	0	0	0
1225	Klb	NM_031180	325	1	1	0
1226	Ndst3	NM_031186	29324	0	0	1
1227	Tfec	NM_031198	101396	0	0	0
1228	Plvap	NM_032398	-231	1	0	0
1229	Tnfrsf25	NM_033042	-73	1	0	0
1230	D1Pas1	NM_033077	-43080	0	0	0
1231	Ngfr	NM_033217	-7068	0	0	0
1232	Dock2	NM_033374	278	1	0	1
1233	Spred2	NM_033523	40974	0	0	1
1234	Cnnm2	NM_033569	32740	0	0	1
1235	Uchl4	NM_033607	-22557	0	1	0
1236	Olig3	NM_053008	53108	0	0	0
1237	Lrp1b	NM_053011	-20599	0	0	0
1238	Lrp1b	NM_053011	-20815	0	0	0
1239	Chrac1	NM_053068	5276	0	0	0
1240	Atg5	NM_053069	385	1	0	1
1241	Atg5	NM_053069	-2814	0	0	0
1242	Slc15a1	NM_053079	18375	0	0	1
1243	Setbp1	NM_053099	251936	0	1	0
1244	Klhl1	NM_053105	798	1	1	0
1245	Magee1	NM_053201	1020	0	1	0
1246	Foxp1	NM_053202	1325	0	0	1
1247	Ifit1bl2	NM_053217	6986	0	0	1
1248	Foxp2	NM_053242	-45203	0	0	0
1249	Dhcr24	NM_053272	25250	0	0	1
1250	Msi2	NM_054043	136002	0	0	1
1251	Prelp	NM_054077	-12608	0	0	0
1252	Alpk3	NM_054085	100	1	1	0
1253	Igsf8	NM_080419	5857	0	1	0
1254	Srgap3	NM_080448	112772	0	0	1
1255	Tshz2	NM_080455	149306	0	0	1
1256	Mrps6	NM_080456	101603	0	0	0
1257	Kcnn3	NM_080466	29092	0	0	1
1258	Ssfa2	NM_080558	-46069	0	0	0
1259	Ssfa2	NM_080558	-45993	0	0	0
1260	Emid1	NM_080595	-33754	0	0	0
1261	Caskin2	NM_080643	12403	0	1	0
1262	Slc34a3	NM_080854	3067	0	0	1
1263	Steap3	NM_133186	1379	0	0	1
1264	Eps8l2	NM_133191	393	1	0	1
1265	Scn4a	NM_133199	8263	0	0	1
1266	Smco4	NM_133214	47171	0	0	0
1267	Gcnt2	NM_133219	912	1	1	1
1268	Pdzd3	NM_133226	2553	0	1	0
1269	Khdrbs2	NM_133235	-10405	0	0	0
1270	Khdrbs2	NM_133235	-206107	0	0	0
1271	Cd34	NM_133654	-10902	0	0	0
1272	Pdk2	NM_133667	-15334	0	1	0
1273	Atp1b4	NM_133690	-16227	0	0	0
1274	Itga9	NM_133721	14944	0	0	1
1275	Stk26	NM_133729	566	1	0	1
1276	Opa1	NM_133752	193543	0	0	0
1277	Errfi1	NM_133753	23644	0	0	0
1278	Tmem132a	NM_133804	6665	0	0	1
1279	D1Ertd622e	NM_133825	649	1	0	1
1280	N4bp2l1	NM_133898	1717	0	0	1
1281	Pxn	NM_133915	8818	0	0	1
1282	Pxn	NM_133915	8719	0	0	1
1283	Mlxip	NM_133917	-22535	0	1	0
1284	Emilin1	NM_133918	1466	0	0	1
1285	Rpn1	NM_133933	32768	0	0	0
1286	Rpn1	NM_133933	35839	0	0	0
1287	Rpn1	NM_133933	32670	0	0	0
1288	Rpn1	NM_133933	32761	0	0	0
1289	Rpn1	NM_133933	32706	0	0	0
1290	Cd276	NM_133983	3501	0	1	0
1291	Il13ra1	NM_133990	230	1	0	1
1292	Nt5m	NM_134029	44047	0	0	0
1293	Fam83h	NM_134087	-20693	0	0	0
1294	Fam19a5	NM_134096	-401	1	0	1
1295	Ildr1	NM_134109	15029	0	0	1
1296	Ildr1	NM_134109	15644	0	0	1
1297	Mbnl3	NM_134163	861	1	0	1
1298	Mbnl3	NM_134163	-606	1	0	0
1299	Mbnl3	NM_134163	853	1	0	1
1300	Mbnl3	NM_134163	838	1	0	1
1301	Mbnl3	NM_134163	818	1	0	1
1302	Galnt10	NM_134189	-39939	0	0	0
1303	Vmn1r-ps103	NM_134211	-5802	0	0	0
1304	Kif2c	NM_134471	-4543	0	0	0
1305	Atp5o	NM_138597	62182	0	0	1
1306	Otud5	NM_138604	614	1	1	0
1307	Ppp1r3f	NM_138605	-119	1	0	1
1308	Pim2	NM_138606	1346	0	1	0
1309	Dgkg	NM_138650	84624	0	1	0
1310	Dgkg	NM_138650	84631	0	1	0
1311	Atp12a	NM_138652	-49516	0	0	0
1312	Socs7	NM_138657	41617	0	0	0
1313	Wdr81	NM_138950	1717	0	1	0
1314	Rassf3	NM_138956	-30158	0	0	0
1315	Rassf3	NM_138956	43053	0	0	1
1316	Cytip	NM_139200	26159	0	1	0
1317	Cytip	NM_139200	26142	0	1	0
1318	Defb7	NM_139220	40396	0	0	0
1319	Galnt2	NM_139272	46826	0	0	1
1320	Wnt9a	NM_139298	10392	0	0	1
1321	Sh3glb2	NM_139302	34778	0	0	1
1322	Cdkal1	NM_144536	258101	0	0	1
1323	Trib2	NM_144551	-369308	0	0	0
1324	Trib2	NM_144551	-369350	0	0	0
1325	Trib2	NM_144551	-369330	0	0	0
1326	Trib2	NM_144551	-369317	0	0	0
1327	Trib2	NM_144551	-369353	0	0	0
1328	Hectd1	NM_144788	-36088	0	0	0
1329	Slc17a2	NM_144836	10659	0	0	1
1330	Fam49b	NM_144846	-118622	0	0	1
1331	Fam49b	NM_144846	-118402	0	0	1
1332	Daglb	NM_144915	1390	0	0	1
1333	Plekha5	NM_144920	-127724	0	0	0
1334	Tmem45b	NM_144936	-119586	0	0	0
1335	Neto1	NM_144946	-430171	0	0	0
1336	Ucn2	NM_145077	-2622	0	1	0
1337	Spsb4	NM_145134	62057	0	0	1
1338	Mgl2	NM_145137	9210	0	0	0
1339	Slc25a28	NM_145156	2391	0	0	1
1340	Wbscr17	NM_145218	-251159	0	0	1
1341	Btbd2	NM_145361	-190	1	0	0
1342	Wfdc5	NM_145369	-311	1	0	0
1343	Wfdc5	NM_145369	-395	1	0	0
1344	Abhd17a	NM_145421	6308	0	1	0
1345	Stk24	NM_145465	-43039	0	0	0
1346	Stk24	NM_145465	144115	0	1	0
1347	Stk24	NM_145465	144118	0	1	0
1348	Tbc1d22a	NM_145476	7575	0	0	1
1349	Tbc1d22a	NM_145476	63101	0	0	1
1350	Tbc1d22a	NM_145476	63080	0	0	1
1351	Setd4	NM_145482	14300	0	0	1
1352	Zfp521	NM_145492	162352	0	0	1
1353	Btbd3	NM_145534	1369	0	0	1
1354	Btbd3	NM_145534	1436	0	0	1
1355	Ccm2l	NM_145536	6157	0	1	0
1356	Ccm2l	NM_145536	6151	0	1	0
1357	Sbk1	NM_145587	19774	0	1	0
1358	Sbk1	NM_145587	19843	0	1	0
1359	Sbk1	NM_145587	19855	0	1	0
1360	Sbk1	NM_145587	19816	0	1	0
1361	Sbk1	NM_145587	19957	0	1	0
1362	Sbk1	NM_145587	20105	0	1	0
1363	Sbk1	NM_145587	19862	0	1	0
1364	Sbk1	NM_145587	19829	0	1	0
1365	Sbk1	NM_145587	19945	0	1	0
1366	Ice2	NM_145618	-77310	0	0	1
1367	Pdk3	NM_145630	-90	1	0	0
1368	Ankrd27	NM_145633	20813	0	0	1
1369	Wipi1	NM_145940	29069	0	0	1
1370	Enox2	NM_145951	64	1	1	0
1371	Enox2	NM_145951	100	1	1	1
1372	Enox2	NM_145951	80	1	1	0
1373	Arhgap9	NM_146011	3228	0	1	0
1374	Gltpd2	NM_146020	1254	0	1	0
1375	Plekhh3	NM_146030	7143	0	1	0
1376	Lrrc3b	NM_146052	-121192	0	0	0
1377	Prr5	NM_146061	-26888	0	0	0
1378	Nrros	NM_146069	21394	0	1	0
1379	Lemd2	NM_146075	2774	0	1	0
1380	Habp2	NM_146101	2632	0	0	1
1381	Itpka	NM_146125	1905	0	0	1
1382	Tmem119	NM_146162	1803	0	0	1
1383	Tmem119	NM_146162	-5121	0	0	0
1384	Tspan33	NM_146173	1987	0	0	1
1385	Tspan33	NM_146173	1991	0	0	1
1386	Ccdc106	NM_146178	222	1	1	0
1387	Cmtr2	NM_146215	13951	0	0	0
1388	Cmtr2	NM_146215	13916	0	0	0
1389	Mmgt1	NM_146234	-26	1	0	0
1390	Mmgt1	NM_146234	-14	1	0	0
1391	Mmgt1	NM_146234	-11	1	0	0
1392	Cdk17	NM_146239	-13992	0	0	0
1393	Cdk17	NM_146239	-13991	0	0	0
1394	Rp1l1	NM_146246	29545	0	1	0
1395	Rp1l1	NM_146246	3563	0	0	1
1396	Olfr1394	NM_146276	10562	0	0	1
1397	Olfr460	NM_146383	-10949	0	0	1
1398	Olfr1370	NM_146535	18434	0	0	0
1399	Olfr1370	NM_146535	18591	0	0	0
1400	Olfr340	NM_146951	10979	0	0	0
1401	Gprc5c	NM_147217	14691	0	1	0
1402	Rps6ka3	NM_148945	-1952	0	0	0
1403	Rps6ka3	NM_148945	-1970	0	0	0
1404	Rps6ka3	NM_148945	-2101	0	0	0
1405	Dicer1	NM_148948	-9577	0	0	0
1406	Gipc3	NM_148951	2067	0	1	0
1407	Plk2	NM_152804	169399	0	0	0
1408	Las1l	NM_152822	-105	1	0	0
1409	Unc5cl	NM_152823	90190	0	0	0
1410	Kcnq3	NM_152923	40271	0	0	1
1411	Mkl1	NM_153049	-37294	0	0	1
1412	Lrrc25	NM_153074	4254	0	0	0
1413	Hrh4	NM_153087	24675	0	0	0
1414	Prss42	NM_153099	-15476	0	0	0
1415	Cadm4	NM_153112	-6762	0	1	0
1416	Otos	NM_153114	-3290	0	0	0
1417	9530068E07Rik	NM_153117	101986	0	0	0
1418	Nat10	NM_153126	44163	0	0	1
1419	Rab11fip3	NM_153140	13779	0	0	1
1420	Rab11fip3	NM_153140	13752	0	0	1
1421	Ago2	NM_153178	-111614	0	0	1
1422	Mical3	NM_153396	-15116	0	0	1
1423	Mical3	NM_153396	16785	0	0	1
1424	Mical3	NM_153396	-6381	0	0	1
1425	Mical3	NM_153396	16788	0	0	1
1426	Syne1	NM_153399	4614	0	0	1
1427	Syne1	NM_153399	35786	0	0	1
1428	Ago1	NM_153403	12680	0	0	1
1429	Clstn3	NM_153508	-12236	0	0	0
1430	Aldh1l2	NM_153543	79432	0	0	0
1431	Mboat1	NM_153546	45414	0	0	1
1432	Katnal1	NM_153572	7290	0	1	0
1433	Nars2	NM_153591	-43437	0	1	0
1434	Nars2	NM_153591	-43424	0	1	0
1435	Dnmt3a	NM_153743	26310	0	0	0
1436	Fermt3	NM_153795	1561	0	0	1
1437	Cpne7	NM_170684	13983	0	0	1
1438	Cd300a	NM_170758	421	1	0	1
1439	Sfswap	NM_172276	-37484	0	0	0
1440	Plcg2	NM_172285	-60542	0	0	1
1441	Plcg2	NM_172285	29950	0	0	1
1442	Plcg2	NM_172285	-60501	0	0	1
1443	Mbtps2	NM_172307	-14418	0	0	0
1444	Mbtps2	NM_172307	-243	1	0	0
1445	Slc22a22	NM_172378	186298	0	0	1
1446	Tmem125	NM_172383	-11006	0	1	0
1447	Rap2c	NM_172413	-909	1	0	0
1448	Rap2c	NM_172413	-916	1	0	0
1449	Smndc1	NM_172429	-14340	0	0	0
1450	Smndc1	NM_172429	-14312	0	0	0
1451	Tbc1d16	NM_172443	928	1	0	1
1452	Zdhhc9	NM_172465	-244	1	0	0
1453	Tbc1d25	NM_172478	29	1	1	0
1454	Prrt3	NM_172487	6510	0	1	0
1455	Diaph2	NM_172493	-67064	0	0	0
1456	Diaph2	NM_172493	-67128	0	0	0
1457	Diaph2	NM_172493	1125570	0	0	0
1458	Cobl	NM_172496	-313535	0	0	0
1459	Cobl	NM_172496	-291584	0	0	0
1460	Nhlrc3	NM_172501	10689	0	1	0
1461	Fbf1	NM_172571	6812	0	0	1
1462	Scara3	NM_172604	45733	0	0	0
1463	Scara3	NM_172604	45758	0	0	0
1464	Mpped1	NM_172610	-13531	0	0	0
1465	Sh3tc2	NM_172628	-1117	0	0	0
1466	Plekhs1	NM_172641	8619	0	0	1
1467	Plekhs1	NM_172641	8605	0	0	1
1468	Kctd3	NM_172650	104283	0	0	1
1469	Slc2a6	NM_172659	1959	0	1	0
1470	Prrc2b	NM_172661	440	1	0	1
1471	Prrc2b	NM_172661	17955	0	0	1
1472	Tlk1	NM_172664	-13420	0	0	0
1473	Sdad1	NM_172713	-8918	0	0	0
1474	Sdad1	NM_172713	-8910	0	0	0
1475	Sgsm1	NM_172718	8758	0	0	1
1476	Fgd5	NM_172731	-6364	0	0	0
1477	Fgd5	NM_172731	1074	0	1	0
1478	Dmxl2	NM_172771	-1451	0	0	0
1479	Plxnb1	NM_172775	-3358	0	1	0
1480	Slc22a29	NM_172776	-67197	0	0	0
1481	Nxt2	NM_172782	115	1	1	0
1482	Nxt2	NM_172782	567	1	0	1
1483	Sh3rf3	NM_172788	-3675	0	0	0
1484	Ttc34	NM_172878	-81938	0	0	0
1485	Tmem132d	NM_172885	-55385	0	0	0
1486	D8Ertd82e	NM_172911	-75698	0	0	0
1487	D8Ertd82e	NM_172911	9109	0	1	0
1488	D8Ertd82e	NM_172911	-75672	0	0	0
1489	Abcc12	NM_172912	334466	0	0	0
1490	Col6a6	NM_172927	31811	0	1	0
1491	Col6a6	NM_172927	50680	0	0	1
1492	Col6a6	NM_172927	34971	0	1	0
1493	Nlgn3	NM_172932	193	1	0	1
1494	Tbcel	NM_173038	35080	0	1	0
1495	Tbcel	NM_173038	35159	0	0	1
1496	Speer2	NM_173069	947683	0	0	0
1497	Fam124b	NM_173425	155877	0	0	0
1498	Fam110b	NM_173426	119068	0	0	1
1499	Fam110b	NM_173426	119078	0	0	1
1500	Klhdc7a	NM_173427	-53298	0	0	0
1501	Nrip1	NM_173440	-165451	0	0	0
1502	Slc45a1	NM_173774	-24088	0	0	0
1503	Sowahd	NM_173779	780	1	1	0
1504	Sowahd	NM_173779	799	1	1	0
1505	Klf8	NM_173780	121807	0	0	1
1506	Klf8	NM_173780	-73	1	0	0
1507	Helt	NM_173789	13572	0	0	0
1508	Mamdc2	NM_174857	45819	0	0	1
1509	Ticam1	NM_174989	-4813	0	1	0
1510	Mgst2	NM_174995	181020	0	0	1
1511	Tnks	NM_175091	-110617	0	0	0
1512	Stox2	NM_175162	-17819	0	0	0
1513	Arhgap26	NM_175164	88846	0	0	1
1514	Mast4	NM_175171	194277	0	1	0
1515	Shtn1	NM_175172	18174	0	0	1
1516	Amer1	NM_175179	53	1	1	0
1517	Lysmd4	NM_175215	-22745	0	0	0
1518	Fam53b	NM_175268	60182	0	0	1
1519	Fam53b	NM_175268	60185	0	0	1
1520	Ano6	NM_175344	39314	0	0	1
1521	Ldhal6b	NM_175349	100030	0	1	0
1522	Exoc6	NM_175353	-54647	0	0	0
1523	Exoc6	NM_175353	-54570	0	0	0
1524	Exoc6	NM_175353	26627	0	1	0
1525	Exoc6	NM_175353	-54645	0	0	0
1526	4933402P03Rik	NM_175368	2867	0	0	0
1527	2700081O15Rik	NM_175381	6069	0	1	0
1528	2700081O15Rik	NM_175381	6065	0	1	0
1529	2700081O15Rik	NM_175381	6099	0	1	0
1530	2700081O15Rik	NM_175381	6105	0	1	0
1531	Atp6v0d2	NM_175406	11980	0	1	0
1532	Orai1	NM_175423	14683	0	1	0
1533	Zmat1	NM_175446	337	1	0	1
1534	Zmat1	NM_175446	195	1	1	0
1535	Wdr18	NM_175450	-12573	0	0	1
1536	Wdr18	NM_175450	-12556	0	0	1
1537	Wdr18	NM_175450	-13263	0	0	1
1538	Arhgap25	NM_175476	225	1	1	0
1539	Elfn1	NM_175522	118374	0	0	1
1540	5830411N06Rik	NM_175533	-12042	0	0	0
1541	Arhgap20	NM_175535	4158	0	0	1
1542	Wdfy2	NM_175546	67667	0	0	1
1543	Xylt1	NM_175645	316942	0	0	0
1544	Xylt1	NM_175645	-200832	0	0	0
1545	Zfp608	NM_175751	-371295	0	0	0
1546	C030006K11Rik	NM_176828	-1134	0	1	0
1547	Fbxo2	NM_176848	32422	0	0	0
1548	Pld5	NM_176916	-91	1	0	0
1549	Dusp4	NM_176933	-79760	0	0	0
1550	6430573F11Rik	NM_176952	-112793	0	0	0
1551	C130050O18Rik	NM_177000	2105	0	0	1
1552	Cep95	NM_177088	29217	0	0	1
1553	Gnal	NM_177137	-488	1	0	0
1554	Rinl	NM_177158	7203	0	1	0
1555	Rinl	NM_177158	7209	0	1	0
1556	Rinl	NM_177158	6887	0	0	1
1557	Rinl	NM_177158	7193	0	1	0
1558	Kndc1	NM_177261	-19775	0	0	1
1559	Kndc1	NM_177261	-19782	0	0	1
1560	Agtr1a	NM_177322	63557	0	0	0
1561	Dmrt3	NM_177360	13460	0	0	0
1562	Dars	NM_177445	-39656	0	0	0
1563	Dars	NM_177445	-39659	0	0	0
1564	BC049762	NM_177567	8373	0	1	0
1565	Plcb2	NM_177568	4643	0	1	0
1566	Slfnl1	NM_177570	-15333	0	1	0
1567	Slfnl1	NM_177570	-15343	0	1	0
1568	AA986860	NM_177604	411	1	0	1
1569	Psd4	NM_177611	1133	0	0	1
1570	Dgkd	NM_177646	-549	1	0	0
1571	F830045P16Rik	NM_177653	-10132	0	0	0
1572	Vgll4	NM_177683	-8392	0	0	0
1573	Zfp637	NM_177684	-20906	0	0	0
1574	Ppp1r3b	NM_177741	-118732	0	0	0
1575	Zfp711	NM_177747	559	1	0	1
1576	Cnksr2	NM_177751	-112	1	0	0
1577	Colgalt2	NM_177756	19463	0	0	1
1578	Ccdc60	NM_177759	95667	0	0	1
1579	Trpa1	NM_177781	-176861	0	0	0
1580	Prex1	NM_177782	65032	0	0	1
1581	Vps37b	NM_177876	5690	0	0	1
1582	Vps37b	NM_177876	5663	0	0	1
1583	Vps37b	NM_177876	5517	0	0	1
1584	Pih1h3b	NM_177921	0	1	1	0
1585	Pigk	NM_178016	-7784	0	0	0
1586	Prom2	NM_178047	2781	0	0	1
1587	Thra	NM_178060	-2565	0	0	0
1588	Trim62	NM_178110	23308	0	0	1
1589	Tcfl5	NM_178254	-16795	0	1	0
1590	Lpp	NM_178665	-200364	0	0	0
1591	Ubxn10	NM_178671	48778	0	0	0
1592	Zfp365	NM_178679	3148	0	1	0
1593	Zfp365	NM_178679	107847	0	0	0
1594	Zfp365	NM_178679	2976	0	1	0
1595	C130074G19Rik	NM_178692	16614	0	0	0
1596	Rps6kc1	NM_178775	186880	0	0	0
1597	Bcorl1	NM_178782	450	1	0	1
1598	Bcorl1	NM_178782	3569	0	0	1
1599	Bcorl1	NM_178782	462	1	0	1
1600	Gins2	NM_178856	16356	0	1	0
1601	Gins2	NM_178856	16368	0	1	0
1602	Gins2	NM_178856	16370	0	1	0
1603	Gins2	NM_178856	16378	0	1	0
1604	Nnat	NM_180960	123	1	1	1
1605	Lingo1	NM_181074	54768	0	0	1
1606	Raver2	NM_183024	-74268	0	1	0
1607	Raver2	NM_183024	-74225	0	1	0
1608	Pcmtd1	NM_183028	153571	0	0	0
1609	Zfp516	NM_183033	-38718	0	0	0
1610	4931429L15Rik	NM_183104	-123451	0	0	0
1611	Elfn2	NM_183141	46118	0	1	0
1612	Usp44	NM_183199	-68167	0	0	0
1613	Usp24	NM_183225	19052	0	0	1
1614	Nr2f2	NM_183261	-331112	0	0	0
1615	Coa4	NM_183270	2055	0	1	0
1616	Tcerg1l	NM_183289	127892	0	0	1
1617	Taok3	NM_183306	6913	0	0	1
1618	Slc12a1	NM_183354	-1544	0	0	0
1619	Qrfp	NM_183424	-13179	0	0	1
1620	Glra2	NM_183427	140465	0	0	1
1621	Esrp1	NM_194055	2763	0	0	1
1622	Foxo6	NM_194060	20057	0	1	0
1623	Foxo6	NM_194060	20062	0	1	0
1624	Foxo6	NM_194060	20098	0	1	0
1625	Foxo6	NM_194060	20060	0	1	0
1626	Foxo6	NM_194060	20067	0	1	0
1627	Scyl2	NM_198021	15226	0	0	1
1628	Tbx3	NM_198052	-17014	0	0	0
1629	Gmip	NM_198101	2833	0	0	1
1630	Exoc8	NM_198103	1295	0	1	0
1631	Lrrc24	NM_198119	3787	0	1	0
1632	Bhlhb9	NM_198161	355	1	0	1
1633	Rai2	NM_198409	190867	0	0	1
1634	Rai2	NM_198409	476	1	0	1
1635	1700016K19Rik	NM_198637	-22934	0	0	0
1636	1700016K19Rik	NM_198637	-22903	0	0	0
1637	1700016K19Rik	NM_198637	-22928	0	0	0
1638	Cdh26	NM_198656	236439	0	0	0
1639	Stpg2	NM_198659	894976	0	0	0
1640	Stard8	NM_199018	887	1	0	1
1641	Stard8	NM_199018	879	1	0	1
1642	Stard8	NM_199018	909	1	0	1
1643	Dpp10	NM_199021	1120010	0	0	0
1644	BC051665	NM_199148	89168	0	0	1
1645	Kcnk12	NM_199251	22637	0	0	1
1646	Jade3	NM_199317	-34374	0	0	0
1647	Tssc1	NM_201357	299170	0	0	0
1648	Plec	NM_201394	3570	0	0	1
1649	Plec	NM_201394	6499	0	0	1
1650	Flrt2	NM_201518	-1782032	0	0	0
1651	Chrm2	NM_203491	-97990	0	0	0
1652	Cebpe	NM_207131	168	1	1	0
1653	Tes	NM_207176	-65403	0	0	0
1654	Tes	NM_207176	-65364	0	0	0
1655	Igsf3	NM_207205	42364	0	0	1
1656	Igsf3	NM_207205	42340	0	0	1
1657	Acap3	NM_207223	14313	0	1	0
1658	Man1c1	NM_207237	-31287	0	0	0
1659	Tmsb15l	NM_207267	140	1	0	1
1660	Ccdc121	NM_207280	64177	0	0	1
1661	Ccdc121	NM_207280	64154	0	0	1
1662	Osbpl1a	NM_207530	968	1	0	1
1663	Vmn1r64	NM_207544	14008	0	0	0
1664	Yipf6	NM_207633	561	1	0	1
1665	Esr2	NM_207707	81905	0	0	1
1666	Fam53b	NM_212473	7970	0	0	1
1667	Snora69	NR_002900	15282	0	0	0
1668	Pla2g2a	NR_002926	-4288	0	0	1
1669	Gm9731	NR_003107	144	1	1	0
1670	Kis2	NR_003188	-443	1	0	0
1671	Kis2	NR_003188	-411	1	0	0
1672	Kis2	NR_003188	-271	1	0	0
1673	1700073E17Rik	NR_003625	6522	0	0	0
1674	Vmn2r-ps11	NR_003962	31509	0	0	1
1675	Vmn2r-ps11	NR_003962	31513	0	0	1
1676	Cdk3-ps	NR_004853	6173	0	1	0
1677	B430010I23Rik	NR_015457	-31838	0	1	0
1678	LOC100043315	NR_015482	-79513	0	0	1
1679	1700108F19Rik	NR_015485	-2550	0	0	0
1680	1700108F19Rik	NR_015485	-2528	0	0	0
1681	A530013C23Rik	NR_015500	61146	0	0	0
1682	A530013C23Rik	NR_015500	62824	0	0	0
1683	A530013C23Rik	NR_015500	117843	0	0	0
1684	Firre	NR_015505	13	1	1	0
1685	1700030C10Rik	NR_015521	290	1	1	0
1686	Rab10os	NR_015551	-167547	0	0	0
1687	5031425F14Rik	NR_015558	24858	0	0	0
1688	9530036O11Rik	NR_015562	-538	1	0	1
1689	4933432I09Rik	NR_015575	-8588	0	1	0
1690	Hoxaas3	NR_015611	-641	1	0	1
1691	Gm5468	NR_027376	92807	0	0	0
1692	4932435O22Rik	NR_027643	17840	0	0	1
1693	1810032O08Rik	NR_027820	-5547	0	0	1
1694	2900060B14Rik	NR_027901	-66106	0	1	0
1695	1700020N01Rik	NR_027968	-98673	0	0	0
1696	Gm4566	NR_028023	4117	0	0	1
1697	2210417A02Rik	NR_028285	68760	0	0	0
1698	Fance	NR_028297	-15125	0	1	0
1699	Dubr	NR_028300	-25217	0	0	0
1700	Gm17762	NR_028378	-1043	0	1	0
1701	Gm2176	NR_028424	-69324	0	0	1
1702	F930015N05Rik	NR_028445	-75165	0	0	1
1703	Snord12	NR_028540	19901	0	0	0
1704	5330413P13Rik	NR_029381	1699	0	0	1
1705	4930584F24Rik	NR_029445	154619	0	0	0
1706	Mir29b-1	NR_029532	-63449	0	0	0
1707	Mir30a	NR_029533	-18078	0	0	0
1708	Mir135a-1	NR_029549	1238	0	1	0
1709	Mir148a	NR_029719	-14174	0	0	0
1710	Mir29a	NR_029744	31497	0	0	0
1711	Mir34a	NR_029751	-1075	0	0	0
1712	Mir346	NR_029774	133490	0	0	1
1713	Mir218-2	NR_029799	15262	0	0	1
1714	Mir302b	NR_030403	-86018	0	0	0
1715	Mir671	NR_030423	-754	1	1	0
1716	Mir671	NR_030423	169	1	1	0
1717	Mir721	NR_030500	-20597	0	0	1
1718	Mir297c	NR_030555	240214	0	0	1
1719	2810410L24Rik	NR_030682	2311	0	1	0
1720	A930011G23Rik	NR_030692	101919	0	0	1
1721	Gm833	NR_033138	-50296	0	0	0
1722	Gm20605	NR_033148	3460	0	0	1
1723	Gm10789	NR_033476	7188	0	0	0
1724	Gm10789	NR_033476	-4913	0	0	0
1725	2410017I17Rik	NR_033517	8002	0	0	1
1726	Rbm3os	NR_033561	-1175	0	0	1
1727	Spn-ps	NR_033583	-22665	0	0	0
1728	Hmgb1-rs17	NR_033589	89	1	1	0
1729	4933417G07Rik	NR_033592	129975	0	0	1
1730	Gm7134	NR_033597	-340088	0	0	0
1731	A630075F10Rik	NR_033634	139922	0	0	0
1732	Kif4-ps	NR_033653	55368	0	0	0
1733	Kif4-ps	NR_033653	87988	0	0	0
1734	Gm7550	NR_033689	-51339	0	0	0
1735	Mir669h	NR_035418	405897	0	0	0
1736	Mir1930	NR_035451	-6262	0	0	1
1737	Mir1963	NR_035489	-6331	0	0	1
1738	Mir1971	NR_035499	-47875	0	0	0
1739	Mir1982	NR_035503	6628	0	1	0
1740	Mir3475	NR_037208	-32492	0	0	0
1741	Mir3063	NR_037223	17588	0	0	0
1742	Mir3065	NR_037225	-2824	0	1	0
1743	Mir3108	NR_037295	-35908	0	0	1
1744	Mir3108	NR_037295	-25790	0	0	1
1745	Mir3110	NR_037297	60179	0	0	0
1746	Gm1968	NR_037689	125908	0	0	0
1747	E030025P04Rik	NR_037978	75308	0	0	0
1748	E030025P04Rik	NR_037978	-49240	0	0	0
1749	Platr26	NR_037979	16458	0	0	0
1750	Platr26	NR_037979	16243	0	0	0
1751	Gm20268	NR_037989	113601	0	0	0
1752	Gm19395	NR_038015	-72302	0	0	0
1753	Gm20110	NR_038019	-71378	0	0	0
1754	Gm20125	NR_038020	476659	0	0	0
1755	4930546C10Rik	NR_038051	-181463	0	0	0
1756	4930474N09Rik	NR_038130	-137392	0	0	1
1757	4930474N09Rik	NR_038130	43878	0	0	0
1758	Mir5101	NR_039560	106180	0	0	1
1759	2210408F21Rik	NR_040261	-10554	0	0	0
1760	9330179D12Rik	NR_040274	-3338	0	1	0
1761	9330179D12Rik	NR_040274	-3351	0	1	0
1762	9330179D12Rik	NR_040274	-19612	0	1	0
1763	9330179D12Rik	NR_040274	-3360	0	1	0
1764	Plxna4os1	NR_040277	-17572	0	0	1
1765	3632454L22Rik	NR_040283	501	1	1	1
1766	3632454L22Rik	NR_040283	540	1	1	1
1767	6720468P15Rik	NR_040307	39285	0	0	0
1768	1810021B22Rik	NR_040417	7927	0	1	0
1769	1810021B22Rik	NR_040417	6151	0	1	0
1770	Gm10007	NR_040449	-301792	0	0	1
1771	Gm10007	NR_040449	-222857	0	0	1
1772	Gm10007	NR_040449	-164219	0	1	0
1773	1810053B23Rik	NR_040486	202772	0	0	0
1774	1700080N15Rik	NR_040500	122634	0	0	0
1775	4930405A21Rik	NR_040505	16455	0	1	0
1776	1700003L19Rik	NR_040507	111223	0	0	0
1777	1700028P15Rik	NR_040509	-26028	0	0	0
1778	1700028P15Rik	NR_040509	89619	0	0	0
1779	1700049E22Rik	NR_040525	-118763	0	0	0
1780	4930478L05Rik	NR_040569	-86181	0	0	0
1781	2010009K17Rik	NR_040609	10904	0	0	1
1782	9230105E05Rik	NR_040626	21246	0	0	1
1783	Gm13490	NR_040639	-60573	0	0	0
1784	1700045H11Rik	NR_040649	97102	0	0	0
1785	Gm5860	NR_040659	-255908	0	0	0
1786	4930509K18Rik	NR_040663	-9438	0	0	0
1787	4930509K18Rik	NR_040663	65800	0	0	0
1788	4933438B17Rik	NR_040685	-713245	0	0	0
1789	Gm10637	NR_040697	-122225	0	0	0
1790	B930018H19Rik	NR_040706	232532	0	0	0
1791	B930018H19Rik	NR_040706	17987	0	0	1
1792	Plet1os	NR_040714	-8869	0	0	0
1793	4933432G23Rik	NR_040716	-33390	0	0	0
1794	4930428G15Rik	NR_040730	206186	0	0	0
1795	4930461G14Rik	NR_040736	-15985	0	0	0
1796	4930565D16Rik	NR_040752	-37271	0	0	0
1797	4921525O09Rik	NR_045061	-36360	0	0	0
1798	AI197445	NR_045084	108609	0	0	0
1799	Gm19689	NR_045094	645172	0	0	0
1800	4933427I22Rik	NR_045160	6116	0	1	1
1801	Gm8633	NR_045179	-134797	0	0	0
1802	B230214G05Rik	NR_045281	-190736	0	0	0
1803	Rptoros	NR_045313	26818	0	0	1
1804	4933411E08Rik	NR_045342	22347	0	1	0
1805	4933440J02Rik	NR_045344	34923	0	0	0
1806	1700030O20Rik	NR_045345	28108	0	0	0
1807	1700030O20Rik	NR_045345	28116	0	0	0
1808	4930545H06Rik	NR_045357	-110007	0	1	0
1809	4930545H06Rik	NR_045357	-109986	0	1	0
1810	Grip1os2	NR_045359	94957	0	0	1
1811	4921531P14Rik	NR_045361	39962	0	0	0
1812	4921531P14Rik	NR_045361	-198319	0	0	0
1813	Pitpnm2os1	NR_045369	4798	0	0	1
1814	A830052D11Rik	NR_045403	-53794	0	1	0
1815	G630055G22Rik	NR_045404	-24321	0	0	0
1816	Bcor	NR_045434	22	1	1	0
1817	B630019K06Rik	NR_045448	345	1	1	0
1818	B630019K06Rik	NR_045448	1255	0	1	0
1819	B630019K06Rik	NR_045448	1372	0	1	0
1820	B630019K06Rik	NR_045448	291	1	1	0
1821	4933433H22Rik	NR_045458	35915	0	0	0
1822	4930548J01Rik	NR_045462	-121341	0	0	0
1823	4933402C06Rik	NR_045504	-140322	0	0	0
1824	D030025E07Rik	NR_045704	-173336	0	0	0
1825	D030025E07Rik	NR_045704	-173341	0	0	0
1826	I730028E13Rik	NR_045705	-6444	0	0	0
1827	E130310I04Rik	NR_045723	-25994	0	0	1
1828	4933400L20Rik	NR_045730	198152	0	0	0
1829	1700030F04Rik	NR_045731	176138	0	0	0
1830	1700060C16Rik	NR_045732	-182060	0	1	0
1831	Gm20745	NR_045745	-223374	0	0	0
1832	Gm19299	NR_045748	37275	0	0	0
1833	4930505G20Rik	NR_045761	-240591	0	0	1
1834	A530072M11Rik	NR_045765	531262	0	0	0
1835	A530072M11Rik	NR_045765	422367	0	0	0
1836	4930417O22Rik	NR_045806	-27694	0	0	0
1837	A430090L17Rik	NR_045836	170792	0	0	1
1838	4933417O13Rik	NR_045842	5390	0	0	1
1839	Gm17746	NR_045844	138356	0	0	0
1840	Gm17746	NR_045844	226980	0	0	0
1841	Gm17746	NR_045844	62106	0	0	0
1842	5430440P10Rik	NR_045859	-78991	0	0	0
1843	7420701I03Rik	NR_045860	-310022	0	0	0
1844	Gm11201	NR_045873	27752	0	0	1
1845	Gm11201	NR_045873	14161	0	0	1
1846	Gm11201	NR_045873	14164	0	0	1
1847	Gm10556	NR_045881	-3355	0	0	0
1848	1700128A07Rik	NR_045938	135661	0	0	0
1849	1700128A07Rik	NR_045938	135660	0	0	0
1850	4930432J09Rik	NR_045953	73304	0	0	0
1851	4930432J09Rik	NR_045953	73256	0	0	0
1852	4833412C05Rik	NR_045954	4762	0	0	1
1853	4930447J18Rik	NR_045959	-75278	0	0	0
1854	Gm16938	NR_045970	-14790	0	0	1
1855	1700003P14Rik	NR_045982	-45866	0	0	0
1856	1700003P14Rik	NR_045982	-45875	0	0	0
1857	C330024C12Rik	NR_046016	15908	0	0	0
1858	C330024C12Rik	NR_046016	15892	0	0	0
1859	C330024C12Rik	NR_046016	15872	0	0	0
1860	Gm11981	NR_046025	-44014	0	0	0
1861	Gm10677	NR_046048	-82456	0	0	0
1862	Gm10677	NR_046048	-82431	0	0	0
1863	Gm2516	NR_046067	979192	0	0	0
1864	Gm16294	NR_046185	-6527	0	0	0
1865	Gm16294	NR_046185	-6523	0	0	0
1866	Bcas3os2	NR_046194	-24398	0	0	1
1867	D730050B12Rik	NR_046196	-44331	0	0	0
1868	D730050B12Rik	NR_046196	-57299	0	0	0
1869	Rn45s	NR_046233	1904	0	1	0
1870	Ankzf1	NR_051999	6388	0	1	0
1871	Ankzf1	NR_051999	6353	0	1	0
1872	A930016O22Rik	NR_073015	-4810	0	1	0
1873	4932415M13Rik	NR_073205	55659	0	0	0
1874	D830026I12Rik	NR_102305	-27244	0	0	0
1875	AW112010	NR_102366	11644	0	0	0
1876	6030469F06Rik	NR_102715	-18803	0	0	0
1877	Cd247	NR_103716	39670	0	0	1
