	name	feature.name	dist.to.feature	prom	exon	intron
1	Taf9b	NM_001001176	251	1	1	0
2	Itprip	NM_001001738	22645	0	1	0
3	Prrxl1	NM_001001796	-321	1	0	0
4	2510009E07Rik	NM_001001881	29587	0	0	1
5	2510009E07Rik	NM_001001881	29584	0	0	1
6	Eea1	NM_001001932	-60435	0	0	0
7	Nat8l	NM_001001985	165	1	1	0
8	Rpl17	NM_001002239	249	1	0	1
9	Rab44	NM_001002786	41212	0	0	1
10	Ddx11	NM_001003919	145555	0	0	0
11	Fam222a	NM_001004180	43747	0	1	0
12	Ado	NM_001005419	-117923	0	0	0
13	Ado	NM_001005419	-117946	0	0	0
14	Ppp1r26	NM_001005420	-26153	0	0	0
15	Eif2a	NM_001005509	-187	1	1	0
16	Lmtk3	NM_001005511	9827	0	1	0
17	Lmtk3	NM_001005511	11304	0	1	0
18	Tceanc	NM_001007577	273	1	0	1
19	Tceanc	NM_001007577	-57	1	0	0
20	Best3	NM_001007583	14959	0	0	1
21	Rtn1	NM_001007596	-20833	0	0	1
22	Fut10	NM_001012517	32002	0	0	1
23	E2f8	NM_001013368	-646	1	0	0
24	Dync1li2	NM_001013380	254	1	1	0
25	Pard3	NM_001013580	293455	0	1	0
26	Tmem151b	NM_001013749	4705	0	1	0
27	Dyrk2	NM_001014390	527	1	0	1
28	Snx13	NM_001014973	142692	0	0	0
29	Mctp2	NM_001024703	849957	0	0	0
30	Mctp2	NM_001024703	849947	0	0	0
31	Mctp2	NM_001024703	849931	0	0	0
32	Ntrk2	NM_001025074	269305	0	0	1
33	Ntrk2	NM_001025074	269266	0	0	1
34	Ntrk2	NM_001025074	54328	0	0	1
35	Maf	NM_001025577	348785	0	0	0
36	Lonrf2	NM_001029878	74072	0	0	0
37	Fbxo33	NM_001033156	-212055	0	0	0
38	5730507C01Rik	NM_001033157	662014	0	0	0
39	Slc6a21	NM_001033176	25351	0	0	1
40	Nlrc5	NM_001033207	878	1	0	1
41	Prickle1	NM_001033217	-73013	0	0	0
42	Itga1	NM_001033228	-108811	0	0	0
43	Cblb	NM_001033238	203739	0	0	0
44	Gxylt1	NM_001033275	314023	0	0	0
45	Gxylt1	NM_001033275	-4322	0	0	0
46	Espnl	NM_001033292	-8872	0	0	1
47	Zbtb16	NM_001033324	43812	0	0	1
48	Cdc42bpg	NM_001033342	-8734	0	0	1
49	Cdc42bpg	NM_001033342	-8787	0	1	0
50	Gal3st4	NM_001033416	-3200	0	1	0
51	Gal3st4	NM_001033416	-3180	0	1	0
52	Gm884	NM_001033434	13679	0	0	1
53	A830080D01Rik	NM_001033472	903	1	0	1
54	A830080D01Rik	NM_001033472	880	1	0	1
55	Wdr72	NM_001033500	167381	0	0	1
56	Mef2a	NM_001033713	-70637	0	0	0
57	Fam92b	NM_001033980	-51695	0	0	0
58	Fam92b	NM_001033980	-51956	0	0	0
59	Limk2	NM_001034030	2875	0	0	1
60	Fam134b	NM_001034851	-69340	0	0	1
61	Bpifb4	NM_001034875	2024	0	1	0
62	Ccne2	NM_001037134	-8835	0	0	0
63	Prok2	NM_001037539	-39134	0	0	0
64	Ripply2	NM_001037907	1814	0	0	1
65	Kcnh1	NM_001038607	253591	0	0	1
66	Defb25	NM_001039122	8085	0	0	0
67	Mex3c	NM_001039214	-136479	0	0	0
68	Slc22a15	NM_001039371	19337	0	0	1
69	Trim46	NM_001039466	943	1	1	0
70	Kif21b	NM_001039472	31195	0	0	1
71	Tex40	NM_001039494	-918	1	1	0
72	Tex40	NM_001039494	-913	1	1	0
73	Pigl	NM_001039536	-4	1	0	0
74	1700015E13Rik	NM_001039593	122172	0	0	1
75	Edem3	NM_001039644	124517	0	0	0
76	Tet2	NM_001040400	92188	0	0	0
77	Flot2	NM_001040403	12712	0	0	1
78	Blm	NM_001042527	-24825	0	0	0
79	Lhx9	NM_001042577	9757	0	0	1
80	Arrdc4	NM_001042592	-110599	0	0	0
81	Cacna1i	NM_001044308	51579	0	0	1
82	Ap2a1	NM_001077264	-377	1	0	0
83	C77370	NM_001077354	606	1	0	1
84	C77370	NM_001077354	419	1	1	0
85	C77370	NM_001077354	617	1	0	1
86	C77370	NM_001077354	643	1	0	1
87	Stag2	NM_001077712	515	1	0	1
88	Bcl11b	NM_001079883	-565	1	0	0
89	Fgfr1	NM_001079909	28230	0	0	1
90	Hdx	NM_001080549	-198146	0	0	0
91	Gsg1	NM_001080553	-9044	0	0	0
92	Fam65c	NM_001080708	3244	0	0	1
93	Gtf2i	NM_001080746	-18189	0	0	0
94	Gtf2i	NM_001080746	-18226	0	0	0
95	Cps1	NM_001080809	256526	0	0	0
96	B230217C12Rik	NM_001080935	-10135	0	0	1
97	Btbd16	NM_001081038	40227	0	0	1
98	Slc9a3	NM_001081060	-402	1	0	0
99	Pdzd2	NM_001081064	-15935	0	0	0
100	Ogfrl1	NM_001081079	-8899	0	0	0
101	Phf3	NM_001081080	614735	0	0	0
102	Armc3	NM_001081083	74258	0	0	1
103	Grik3	NM_001081097	-125587	0	0	0
104	Zfp362	NM_001081098	16143	0	1	0
105	Stim2	NM_001081103	-444	1	0	0
106	Arhgap36	NM_001081123	142	1	1	0
107	Arhgap36	NM_001081123	70	1	1	0
108	Arhgap36	NM_001081123	133	1	1	0
109	Npat	NM_001081152	-157	1	0	0
110	Rap1gap	NM_001081155	27058	0	0	1
111	Mdga1	NM_001081160	35396	0	1	0
112	Sap30l	NM_001081168	-50387	0	0	1
113	Tmem182	NM_001081198	162749	0	0	0
114	Prdm14	NM_001081209	-31346	0	0	1
115	Tshz1	NM_001081300	14200	0	0	1
116	Pik3r4	NM_001081309	56115	0	1	0
117	D7Ertd443e	NM_001081331	-121700	0	0	0
118	Sipa1l2	NM_001081337	17624	0	0	1
119	Sipa1l2	NM_001081337	17639	0	0	1
120	Cped1	NM_001081351	15340	0	0	1
121	Vma21	NM_001081356	-445	1	0	0
122	Cep164	NM_001081373	86004	0	1	0
123	Rimbp2	NM_001081388	107060	0	0	1
124	1810013L24Rik	NM_001081400	383375	0	0	0
125	Furin	NM_001081454	-51460	0	0	1
126	Camta1	NM_001081557	296102	0	0	1
127	Pik3r6	NM_001081566	-15290	0	0	1
128	Dact3	NM_001081655	-13689	0	0	1
129	Dytn	NM_001081658	81629	0	0	0
130	Ccdc129	NM_001081665	14700	0	0	1
131	Gm5150	NM_001081687	-45671	0	0	0
132	Tns3	NM_001083587	22578	0	0	1
133	Tns3	NM_001083587	22619	0	0	1
134	Xirp2	NM_001083919	-45971	0	0	0
135	Tcf4	NM_001083967	268017	0	0	1
136	Arid1b	NM_001085355	-3803	0	0	0
137	Nr1i2	NM_001098404	89311	0	0	1
138	Grsf1	NM_001098476	33059	0	1	0
139	Tekt5	NM_001099275	10031	0	0	1
140	Ajap1	NM_001099299	538	1	1	0
141	Zfp831	NM_001099328	1127	0	1	0
142	Pklr	NM_001099779	11294	0	1	0
143	Smim24	NM_001099917	11841	0	1	0
144	Stx16	NM_001102423	-89126	0	0	0
145	Stx16	NM_001102423	-89105	0	0	0
146	Vmn2r120	NM_001104591	52316	0	0	0
147	Kazn	NM_001109685	11075	0	0	1
148	Skor2	NM_001109743	15871	0	0	1
149	Banp	NM_001110100	123690	0	0	0
150	Cdca2	NM_001110162	121176	0	0	0
151	Inpp5d	NM_001110192	-12591	0	0	0
152	Vegfa	NM_001110266	6399	0	1	0
153	Keap1	NM_001110305	11284	0	0	0
154	Sprtn	NM_001111141	14853	0	0	1
155	Synj2	NM_001113351	-16202	0	0	1
156	Ebf3	NM_001113414	16198	0	0	1
157	Sept9	NM_001113487	-15959	0	0	1
158	Sept9	NM_001113487	-1422	0	0	1
159	Sox5	NM_001113559	159386	0	0	1
160	Plcl1	NM_001114663	91893	0	0	1
161	Epha7	NM_001122889	-962097	0	0	0
162	Tfap2a	NM_001122948	79144	0	0	0
163	Pparg	NM_001127330	538	1	0	1
164	Dlgap1	NM_001128180	-4543	0	0	1
165	Psen2	NM_001128605	-7300	0	0	0
166	Arhgef1	NM_001130152	13872	0	0	1
167	Srrm1	NM_001130477	-4097	0	0	0
168	Srrm1	NM_001130477	-4083	0	0	0
169	Prr23a1	NM_001134660	-11175	0	0	0
170	P4ha2	NM_001136076	19088	0	0	1
171	Golga7b	NM_001141983	-16418	0	0	0
172	Golga7b	NM_001141983	-11532	0	0	0
173	Tcf7l2	NM_001142924	133834	0	0	0
174	Tcf7l2	NM_001142924	102407	0	0	0
175	H2-Q4	NM_001143689	-60	1	0	0
176	Lrp4	NM_001145857	16547	0	0	1
177	C5ar2	NM_001146005	4257	0	0	1
178	C5ar2	NM_001146005	4288	0	0	1
179	Hk1	NM_001146100	10459	0	0	1
180	Homer3	NM_001146153	-4618	0	0	0
181	Mrps10	NM_001146211	-12	1	0	0
182	Smoc1	NM_001146217	276	1	1	0
183	Rnls	NM_001146342	-16720	0	0	0
184	Gjc1	NM_001159382	425	1	0	1
185	Ces3b	NM_001159415	15467	0	0	0
186	H2afy	NM_001159514	135605	0	0	0
187	Meis2	NM_001159569	16948	0	0	1
188	Dut	NM_001159646	-43843	0	0	1
189	Lax1	NM_001159649	-6033	0	0	0
190	Tfap2c	NM_001159696	109427	0	0	0
191	Sec16b	NM_001159986	14560	0	0	1
192	Cldn10	NM_001160099	-10742	0	0	1
193	Zfp275	NM_001160229	68	1	1	0
194	Cabp2	NM_001160253	-11477	0	0	0
195	Celf2	NM_001160292	-102177	0	0	1
196	Celf2	NM_001160292	-102154	0	0	1
197	Islr2	NM_001161541	-16092	0	1	0
198	Kif26b	NM_001161665	179134	0	0	1
199	Mgat4c	NM_001162369	1424	0	0	1
200	Troap	NM_001162506	1840	0	0	1
201	Ythdc2	NM_001163013	41092	0	0	1
202	Begain	NM_001163175	-47121	0	0	0
203	Clrn2	NM_001163317	9703	0	0	1
204	Atp2a3	NM_001163337	4282	0	0	1
205	Cox18	NM_001163456	8910	0	1	0
206	Crb2	NM_001163566	570	1	0	1
207	Dok5	NM_001163686	158373	0	0	0
208	Pik3cd	NM_001164052	15791	0	1	0
209	Nfatc1	NM_001164111	44901	0	0	1
210	Psmd10	NM_001164177	-157	1	0	0
211	Prrg1	NM_001164275	163	1	0	1
212	Kcnk13	NM_001164426	8138	0	0	1
213	Mical1	NM_001164433	4869	0	1	0
214	Sipa1	NM_001164568	2861	0	1	0
215	Irf2bp2	NM_001164598	20325	0	0	0
216	Amigo2	NM_001164602	-114498	0	0	1
217	Amigo2	NM_001164602	-137128	0	1	0
218	Amigo2	NM_001164602	-225121	0	0	0
219	Amigo2	NM_001164602	-225136	0	0	0
220	Fam47c	NM_001164739	-59713	0	0	0
221	Robo3	NM_001164767	-27387	0	0	0
222	Ctnnb1	NM_001165902	34688	0	0	1
223	Rgs9	NM_001165934	16583	0	0	1
224	Pogz	NM_001165948	-17666	0	0	0
225	Pias3	NM_001165949	2364	0	1	0
226	Hnrnpf	NM_001166427	416	1	0	1
227	AU022751	NM_001166433	181	1	1	0
228	Slc25a14	NM_001166450	187	1	1	0
229	Slc38a1	NM_001166458	-15181	0	0	0
230	Slc38a1	NM_001166458	-15449	0	0	0
231	Mid1ip1	NM_001166635	984	1	1	0
232	Mid1ip1	NM_001166635	959	1	1	0
233	Mid1ip1	NM_001166635	999	1	1	0
234	Mid1ip1	NM_001166635	1199	0	1	0
235	Zfp280c	NM_001166648	118	1	0	1
236	Ankrd7	NM_001167757	722862	0	0	0
237	Col6a5	NM_001167923	-50256	0	0	1
238	Fam83h	NM_001168253	5168	0	1	0
239	Phf14	NM_001168382	271	1	1	0
240	Mapk14	NM_001168513	-279	1	0	1
241	Slc35b3	NM_001170431	-213371	0	0	0
242	Rbm20	NM_001170847	20976	0	0	1
243	Rbm41	NM_001172147	391	1	0	1
244	Cacna2d2	NM_001174048	792	1	0	1
245	Gm13547	NM_001177392	-44697	0	0	1
246	Npffr1	NM_001177511	-50403	0	0	1
247	Gm7102	NM_001177513	97267	0	0	1
248	Slc25a13	NM_001177572	83820	0	0	1
249	Madd	NM_001177720	3157	0	1	0
250	Otub2	NM_001177841	3066	0	0	1
251	Otub2	NM_001177841	3030	0	0	1
252	Rhox13	NM_001185002	857	1	1	0
253	Mfrp	NM_001190314	324	1	1	0
254	Dlk1	NM_001190703	42938	0	0	0
255	Dlk1	NM_001190703	42819	0	0	0
256	Kif17	NM_001190978	-5020	0	1	0
257	Morc4	NM_001193309	315	1	1	0
258	Gm5294	NM_001195128	1099	0	0	1
259	Lrrc74a	NM_001195767	68121	0	0	0
260	Arhgef2	NM_001198913	12828	0	0	1
261	Apoo	NM_001199338	82	1	1	1
262	Rpl34-ps1	NM_001199350	-97519	0	0	0
263	Rapgef4	NM_001204166	2073	0	0	1
264	H60c	NM_001204916	32870	0	0	0
265	Jdp2	NM_001205053	38167	0	0	1
266	Arhgap27	NM_001205236	8302	0	0	1
267	Rnf223	NM_001220499	-1250	0	0	0
268	Clcn5	NM_001243762	173	1	1	0
269	Clcn5	NM_001243762	191	1	1	0
270	A630023A22Rik	NM_001251843	-4492	0	0	0
271	Mest	NM_001252293	-13421	0	0	0
272	Fam19a5	NM_001252310	26127	0	0	1
273	Slc6a15	NM_001252330	242119	0	0	0
274	Smad2	NM_001252481	293118	0	0	0
275	Sulf2	NM_001252578	56981	0	0	1
276	Zmynd8	NM_001252587	-43147	0	0	0
277	Tbc1d7	NM_001252639	-40327	0	0	1
278	Ssx2ip	NM_001253770	1889	0	0	1
279	Tet1	NM_001253857	-11103	0	0	0
280	Tet1	NM_001253857	-11124	0	0	0
281	Dnm2	NM_001253893	34057	0	0	1
282	7530416G11Rik	NM_001256072	-4507	0	0	0
283	7530416G11Rik	NM_001256072	-4489	0	0	0
284	7530416G11Rik	NM_001256072	-4513	0	0	0
285	7530416G11Rik	NM_001256072	-4510	0	0	0
286	Eif4g3	NM_001256198	73132	0	0	1
287	C330006A16Rik	NM_001256522	697	1	1	0
288	Dpf3	NM_001267625	60231	0	0	1
289	Igip	NM_001267796	20338	0	0	0
290	Myh14	NM_001271538	26622	0	0	1
291	Cdc7	NM_001271566	87354	0	0	0
292	Eya2	NM_001271963	7047	0	0	1
293	Dag1	NM_001276486	-4017	0	0	0
294	Chd7	NM_001277149	163806	0	1	0
295	Chd7	NM_001277149	113839	0	0	1
296	Acr	NM_001277247	-20447	0	1	0
297	Acr	NM_001277247	-20398	0	1	0
298	Acr	NM_001277247	-9912	0	1	0
299	Ank1	NM_001277281	-203	1	0	1
300	Grip1	NM_001277295	-22162	0	0	1
301	Pex5	NM_001277330	4298	0	0	1
302	Pex5	NM_001277330	4284	0	0	1
303	Pex5	NM_001277330	4297	0	0	1
304	Gm11780	NM_001277919	-27029	0	0	0
305	Adam10	NM_007399	124767	0	1	0
306	Adcy7	NM_007406	410	1	0	1
307	Adrb2	NM_007420	202	1	1	0
308	Slc25a5	NM_007451	305	1	0	1
309	Apc	NM_007462	-68218	0	0	0
310	Aqp8	NM_007474	-40826	0	0	1
311	Arx	NM_007492	11129	0	1	0
312	Asgr2	NM_007493	-7625	0	0	0
313	Bach1	NM_007520	85659	0	0	0
314	Bach1	NM_007520	52481	0	0	0
315	Bach1	NM_007520	52438	0	0	0
316	Bmi1	NM_007552	639	1	0	1
317	Bmp2	NM_007553	24577	0	0	0
318	Zfp36l1	NM_007564	99069	0	0	0
319	Birc6	NM_007566	602	1	0	1
320	Btg2	NM_007570	-6844	0	0	0
321	Cd37	NM_007645	-2646	0	0	0
322	Cd37	NM_007645	-2696	0	0	0
323	Cdh15	NM_007662	21762	0	0	0
324	Cdx4	NM_007674	244	1	1	0
325	Socs3	NM_007707	19925	0	0	0
326	Socs3	NM_007707	20097	0	0	0
327	Ckm	NM_007710	4089	0	0	1
328	Cnr1	NM_007726	-146	1	0	0
329	Col4a4	NM_007735	58666	0	0	1
330	Cox7c	NM_007749	-1081698	0	0	0
331	Csrp1	NM_007791	-15445	0	0	0
332	Cyp17a1	NM_007809	18535	0	1	0
333	Reep5	NM_007874	10529	0	0	1
334	Drd4	NM_007878	14406	0	0	1
335	Edn2	NM_007902	-149387	0	0	1
336	Edn2	NM_007902	-16843	0	0	0
337	Edn2	NM_007902	50676	0	0	0
338	Edn3	NM_007903	-58471	0	0	1
339	Edn3	NM_007903	52764	0	0	0
340	Edn3	NM_007903	-58497	0	0	1
341	Edn3	NM_007903	140931	0	0	0
342	Edn3	NM_007903	114855	0	0	0
343	Ehf	NM_007914	-407	1	0	0
344	Elf3	NM_007921	40677	0	0	0
345	Emd	NM_007927	218	1	1	0
346	Emd	NM_007927	182	1	1	0
347	Emp2	NM_007929	-25323	0	0	0
348	Eng	NM_007932	15977	0	0	1
349	Epha8	NM_007939	-8361	0	0	0
350	Ercc1	NM_007948	-2861	0	0	0
351	F8a	NM_007978	28	1	1	0
352	Fgd1	NM_008001	451	1	1	0
353	Fgf2	NM_008006	-5430	0	0	0
354	Fgl2	NM_008013	-17017	0	0	1
355	Fosl2	NM_008037	-82825	0	0	1
356	Igfbp7	NM_008048	-175	1	0	0
357	Fzd7	NM_008057	-104591	0	0	0
358	Gapdh	NM_008084	-10095	0	0	1
359	Gata1	NM_008089	-3660	0	0	0
360	Gcm1	NM_008103	-8752	0	0	0
361	Gdi2	NM_008112	141	1	1	0
362	Gjb2	NM_008125	20488	0	0	0
363	Gnai2	NM_008138	-8433	0	0	0
364	Gpc4	NM_008150	469	1	0	1
365	Gpc4	NM_008150	530	1	0	1
366	Cmklr1	NM_008153	46746	0	0	0
367	Grid1	NM_008166	9849	0	0	1
368	Grin2d	NM_008172	285	1	1	0
369	Grm8	NM_008174	19860	0	0	1
370	Hccs	NM_008222	167	1	1	0
371	Hccs	NM_008222	177	1	1	0
372	Foxj1	NM_008240	-19236	0	0	1
373	Foxj1	NM_008240	-19233	0	0	1
374	Foxj1	NM_008240	-19184	0	0	1
375	Foxd1	NM_008242	116	1	1	0
376	Hn1	NM_008258	344	1	0	1
377	Irf8	NM_008320	56492	0	0	0
378	Irf8	NM_008320	11044	0	0	1
379	Il1b	NM_008361	-34002	0	0	0
380	Irf2	NM_008391	112908	0	0	0
381	Kcna3	NM_008418	1416	0	1	0
382	Kcne1	NM_008424	1946	0	0	1
383	Lamb1	NM_008482	37413	0	1	0
384	Lamc2	NM_008485	-5047	0	0	0
385	Lamc2	NM_008485	-5043	0	0	0
386	Lamc2	NM_008485	-5019	0	0	0
387	Anpep	NM_008486	-7080	0	0	0
388	Lhx5	NM_008499	10069	0	0	0
389	Sh2b3	NM_008507	7732	0	1	0
390	Sh2b3	NM_008507	7728	0	1	0
391	Cd180	NM_008533	-25308	0	0	0
392	Abcc1	NM_008576	77703	0	0	1
393	Foxc1	NM_008592	154161	0	0	1
394	Myom2	NM_008664	468270	0	0	0
395	Nfe2	NM_008685	-4095	0	0	0
396	Ngp	NM_008694	21059	0	0	1
397	Nid2	NM_008695	23212	0	0	1
398	Nid2	NM_008695	23193	0	0	1
399	Nkx2-3	NM_008699	4027	0	0	0
400	Mycn	NM_008709	-101480	0	0	0
401	Npas1	NM_008718	1263	0	1	0
402	Nrtn	NM_008738	4202	0	0	1
403	Orc2	NM_008765	-29169	0	0	1
404	Pdgfa	NM_008808	16349	0	0	1
405	Pdgfa	NM_008808	16327	0	0	1
406	Phka1	NM_008832	-114	1	0	0
407	Prkci	NM_008857	34447	0	0	1
408	Phox2a	NM_008887	5773	0	1	0
409	Phox2b	NM_008888	-59107	0	0	0
410	Phox2b	NM_008888	2592	0	1	0
411	Psmc1	NM_008947	22192	0	1	0
412	Pipox	NM_008952	-3468	0	0	0
413	Ptgir	NM_008967	3488	0	1	0
414	Ptma	NM_008972	-45391	0	0	0
415	Ptp4a3	NM_008975	7388	0	1	0
416	Nectin2	NM_008990	5121	0	0	1
417	Rcvrn	NM_009038	-47989	0	0	1
418	Rpl29	NM_009082	4322	0	0	1
419	Rxrg	NM_009107	8948	0	0	1
420	Scd1	NM_009127	7612	0	0	1
421	Sfrp2	NM_009144	-2315	0	0	0
422	Siah1b	NM_009173	134	1	0	1
423	Slc12a2	NM_009194	61484	0	1	0
424	Sox1	NM_009233	1251	0	1	1
425	Stag1	NM_009282	-23953	0	0	0
426	Stag1	NM_009282	-21548	0	0	0
427	Map3k7	NM_009316	-133596	0	0	0
428	Tff1	NM_009362	2302	0	1	0
429	Tff1	NM_009362	4287	0	0	0
430	Thrb	NM_009380	103439	0	0	0
431	Ttf1	NM_009442	233	1	0	1
432	Zrsr2	NM_009453	674	1	1	0
433	Usp9x	NM_009481	863	1	0	1
434	Vamp3	NM_009498	-233036	0	0	1
435	Wnt11	NM_009519	-3577	0	0	0
436	Wnt11	NM_009519	-3580	0	0	0
437	Wnt5b	NM_009525	12677	0	0	1
438	Xrcc1	NM_009532	681	1	1	0
439	Xrcc1	NM_009532	690	1	1	0
440	Xrcc5	NM_009533	72520	0	0	1
441	Plagl1	NM_009538	56	1	1	0
442	Zbtb17	NM_009541	13221	0	0	1
443	Zfp64	NM_009564	23836	0	0	1
444	Zic3	NM_009575	1510	0	1	0
445	Zic3	NM_009575	1550	0	1	0
446	Zic3	NM_009575	201817	0	0	0
447	Adam2	NM_009618	-12329	0	0	1
448	Adcy8	NM_009623	95879	0	0	1
449	Anp32a	NM_009672	80035	0	1	0
450	Anp32a	NM_009672	80176	0	0	1
451	Anxa5	NM_009673	656	1	0	1
452	Ap3b1	NM_009680	78808	0	0	1
453	Neurog2	NM_009718	700	1	1	0
454	Bfsp1	NM_009751	468	1	1	0
455	Car2	NM_009801	1659	0	0	1
456	Casp14	NM_009809	-231	1	0	0
457	Casq2	NM_009814	48394	0	0	1
458	Ctnna1	NM_009818	525	1	0	1
459	Noct	NM_009834	23442	0	1	0
460	Noct	NM_009834	-15072	0	0	0
461	Noct	NM_009834	23413	0	1	0
462	Entpd1	NM_009848	3961	0	0	1
463	Cd83	NM_009856	85907	0	0	0
464	Cdh10	NM_009865	298098	0	0	0
465	Cdh5	NM_009868	-245990	0	0	0
466	Cebpg	NM_009884	27846	0	0	1
467	Cnr2	NM_009924	2936	0	0	1
468	Igf2bp1	NM_009951	162	1	1	0
469	Cyp46a1	NM_010010	34677	0	0	0
470	Dct	NM_010024	147862	0	0	1
471	Dlx6	NM_010057	-7681	0	0	1
472	E2f3	NM_010093	44679	0	0	1
473	E2f3	NM_010093	44629	0	0	1
474	S1pr3	NM_010101	-15645	0	0	0
475	S1pr4	NM_010102	523	1	1	0
476	Efnb1	NM_010110	1160	0	0	1
477	Efnb1	NM_010110	1343	0	0	1
478	Efnb1	NM_010110	1348	0	0	1
479	En1	NM_010133	-48516	0	0	0
480	Epas1	NM_010137	1663	0	0	1
481	Epha2	NM_010139	20424	0	0	1
482	Epha7	NM_010141	303751	0	0	0
483	Ephb2	NM_010142	5807	0	0	1
484	Fgfr2	NM_010207	56573	0	0	1
485	Aktip	NM_010241	-40874	0	0	0
486	Gnb2	NM_010312	188	1	0	1
487	Gng4	NM_010317	-9412	0	0	1
488	Gng4	NM_010317	-9437	0	0	1
489	Emb	NM_010330	-43326	0	0	0
490	Emb	NM_010330	-43360	0	0	0
491	Emb	NM_010330	-43319	0	0	0
492	Gsr	NM_010344	-699	1	0	0
493	Gsr	NM_010344	13095	0	0	1
494	Gsc	NM_010351	-94658	0	0	0
495	Hap1	NM_010404	168	1	1	0
496	Hey1	NM_010423	-50749	0	0	0
497	Hmx1	NM_010445	-12685	0	0	0
498	Hoxa2	NM_010451	-3933	0	0	0
499	Hoxa2	NM_010451	-3985	0	0	0
500	Hoxa2	NM_010451	-3939	0	0	0
501	Hoxa2	NM_010451	-3943	0	0	0
502	Hoxa2	NM_010451	-3963	0	0	0
503	Hoxa6	NM_010454	349	1	1	1
504	Hrc	NM_010473	6626	0	0	1
505	Slc6a4	NM_010484	-23421	0	0	1
506	Igf1r	NM_010513	18869	0	0	1
507	Cyr61	NM_010516	-53676	0	0	0
508	Ihh	NM_010544	3244	0	1	0
509	Il10	NM_010548	-16230	0	0	0
510	Il16	NM_010551	12871	0	1	0
511	Il6ra	NM_010559	221	1	0	1
512	Irs4	NM_010572	226	1	1	0
513	Irx1	NM_010573	4853	0	0	1
514	Jund	NM_010592	-3885	0	0	0
515	Kap	NM_010594	15227	0	0	0
516	Klf12	NM_010636	-158728	0	0	0
517	Kpna2	NM_010655	-13133	0	0	0
518	Krt27	NM_010666	-4596	0	0	0
519	Lef1	NM_010703	-74369	0	0	0
520	Lhx4	NM_010712	-1017	0	0	0
521	Lmo4	NM_010723	-85210	0	0	0
522	Lmx1b	NM_010725	75885	0	1	0
523	Cited2	NM_010828	-194118	0	0	0
524	Sik1	NM_010831	-57237	0	0	0
525	Ncf1	NM_010876	3950	0	1	0
526	Ncf1	NM_010876	3996	0	0	1
527	Ndp	NM_010883	-39259	0	0	0
528	Neurog1	NM_010896	29623	0	0	0
529	Nfe2l3	NM_010903	-72201	0	0	0
530	Nefl	NM_010910	-34438	0	0	0
531	Oit3	NM_010959	2834	0	0	1
532	Osmr	NM_011019	-76390	0	0	0
533	Pax2	NM_011037	-72952	0	0	0
534	Pax9	NM_011041	105	1	1	0
535	Pax9	NM_011041	129027	0	0	1
536	Phf2	NM_011078	38817	0	1	0
537	Prkce	NM_011104	552	1	1	0
538	Plaur	NM_011113	4331	0	0	1
539	Pon1	NM_011134	99270	0	0	1
540	Ppard	NM_011145	-6846	0	1	0
541	Cyth3	NM_011182	-33214	0	0	0
542	Pstpip1	NM_011193	7925	0	0	1
543	Ptpn1	NM_011201	-192	1	0	0
544	Rnf7	NM_011279	14025	0	0	0
545	Sub1	NM_011294	675	1	0	1
546	Scn8a	NM_011323	50295	0	0	1
547	Spi1	NM_011355	350	1	0	1
548	Spi1	NM_011355	326	1	0	1
549	Spi1	NM_011355	386	1	0	1
550	Six2	NM_011380	917	1	0	1
551	Six2	NM_011380	-3669	0	0	0
552	Slit3	NM_011412	195713	0	0	1
553	Ncor2	NM_011424	69610	0	0	1
554	Sstr5	NM_011425	8705	0	0	0
555	Sod3	NM_011435	19204	0	0	1
556	Sorl1	NM_011436	130774	0	0	1
557	Sox9	NM_011448	126670	0	0	0
558	Spint2	NM_011464	1840	0	0	1
559	Syk	NM_011518	42847	0	0	1
560	Tbxas1	NM_011539	51893	0	0	1
561	Tesk1	NM_011571	664	1	1	0
562	Thbs2	NM_011581	53389	0	0	0
563	Cd40	NM_011611	10102	0	0	1
564	Tsn	NM_011650	237803	0	0	0
565	Usp12	NM_011669	11849	0	0	1
566	Vcam1	NM_011693	-18900	0	0	0
567	Dctn6	NM_011722	13498	0	0	1
568	Dctn6	NM_011722	13497	0	0	1
569	Mkrn3	NM_011746	-149	1	0	0
570	Zfp90	NM_011764	20120	0	0	0
571	Zfp90	NM_011764	19829	0	0	0
572	Cdc6	NM_011799	1172	0	0	1
573	Esyt1	NM_011843	-993	1	0	0
574	Tenm1	NM_011855	-155522	0	0	0
575	Spry4	NM_011898	-42521	0	0	0
576	Psmb3	NM_011971	15375	0	1	0
577	Psmb3	NM_011971	14757	0	1	0
578	Rpl27a	NM_011975	-214	1	0	0
579	Arhgef28	NM_012026	33901	0	0	1
580	Etv3	NM_012051	-25278	0	1	0
581	Rps3	NM_012052	270	1	0	1
582	Gnb4	NM_013531	-39933	0	0	0
583	Gnb4	NM_013531	-39942	0	0	0
584	Hsph1	NM_013559	24714	0	1	0
585	Kcna6	NM_013568	34650	0	0	0
586	Lifr	NM_013584	10279	0	0	1
587	Lifr	NM_013584	10302	0	0	1
588	Mb	NM_013593	-48068	0	0	1
589	Psmb10	NM_013640	1152	0	1	0
590	Srsf3	NM_013663	-7441	0	0	0
591	Tcte1	NM_013688	-5564	0	0	1
592	Klf10	NM_013692	-71952	0	0	0
593	Txk	NM_013698	11	1	1	1
594	Fgd2	NM_013710	37972	0	0	0
595	Nrk	NM_013724	-74	1	0	0
596	Phlda3	NM_013750	-10483	0	0	0
597	Csnk1e	NM_013767	15756	0	1	0
598	Npas3	NM_013780	43458	0	0	1
599	Plcb4	NM_013829	-25948	0	0	0
600	Ror1	NM_013845	80107	0	0	1
601	Tpk1	NM_013861	-254475	0	0	0
602	Kdm2b	NM_013910	-30304	0	0	1
603	Gbx1	NM_015739	736	1	1	0
604	Myo9b	NM_015742	23873	0	0	1
605	Hunk	NM_015755	32410	0	0	1
606	Fbxl17	NM_015794	4412	0	0	1
607	Dlc1	NM_015802	51233	0	0	0
608	Rgs6	NM_015812	-106518	0	0	0
609	Hs6st1	NM_015818	-7641	0	0	0
610	Pknox1	NM_016670	273	1	0	1
611	Cldn1	NM_016674	56835	0	0	0
612	Hpcal1	NM_016677	257357	0	0	0
613	Pbx3	NM_016768	-18699	0	0	0
614	Ech1	NM_016772	2748	0	0	1
615	Itgb3	NM_016780	36148	0	0	1
616	Tpmt	NM_016785	61	1	1	0
617	Srrm1	NM_016799	433	1	0	1
618	Chst3	NM_016803	35568	0	1	0
619	Atxn10	NM_016843	-21837	0	0	0
620	Ppp1r3c	NM_016854	20286	0	0	0
621	Insm1	NM_016889	-817	1	0	0
622	Mtmr1	NM_016985	233	1	1	0
623	Rab11a	NM_017382	64414	0	0	1
624	Cntn6	NM_017383	214644	0	0	1
625	Ddx20	NM_017397	-81	1	0	0
626	Kat6b	NM_017479	102540	0	0	1
627	Kat6b	NM_017479	944	1	0	1
628	Zfp326	NM_018759	101851	0	0	0
629	Ntsr1	NM_018766	328	1	1	0
630	Bri3	NM_018772	3109	0	0	1
631	Ubqln2	NM_018798	129	1	1	0
632	Abhd2	NM_018811	30405	0	0	1
633	Sgsh	NM_018822	4449	0	0	1
634	Sh2b2	NM_018825	-43562	0	0	1
635	Pebp1	NM_018858	56343	0	0	1
636	Pdyn	NM_018863	1567	0	1	0
637	Adgrg1	NM_018882	2003	0	0	1
638	Ppp2ca	NM_019411	-21684	0	0	1
639	Robo1	NM_019413	335098	0	0	1
640	Epb41l4b	NM_019427	59814	0	0	1
641	Panx1	NM_019482	37788	0	1	0
642	Ammecr1	NM_019496	539	1	0	1
643	Ammecr1	NM_019496	134	1	1	0
644	Ammecr1	NM_019496	513	1	1	0
645	Ammecr1	NM_019496	514	1	1	0
646	Ammecr1	NM_019496	360	1	1	0
647	Cldn14	NM_019500	62	1	1	0
648	Uchl5	NM_019562	84	1	1	0
649	Uchl5	NM_019562	86	1	1	0
650	Uchl5	NM_019562	77	1	1	0
651	Uchl5	NM_019562	102	1	1	0
652	Uchl5	NM_019562	97	1	1	0
653	Fscn3	NM_019569	-1339	0	0	0
654	Scamp4	NM_019575	3760	0	1	1
655	Scamp4	NM_019575	3750	0	1	1
656	Syncrip	NM_019666	-556	1	0	0
657	Ube2a	NM_019668	491	1	0	1
658	Elf4	NM_019680	9782	0	0	1
659	Elf4	NM_019680	9788	0	0	1
660	Pdcd10	NM_019745	90397	0	0	0
661	Htra2	NM_019752	3050	0	1	0
662	Spen	NM_019763	32114	0	0	1
663	Spen	NM_019763	32092	0	0	1
664	Ikbke	NM_019777	4259	0	0	1
665	Tbk1	NM_019786	-4376	0	0	1
666	Dnaja2	NM_019794	-45005	0	0	0
667	Trpc4ap	NM_019828	118	1	1	0
668	B4galt5	NM_019835	-23151	0	0	0
669	Pde4b	NM_019840	89461	0	0	1
670	Tlx3	NM_019916	274	1	1	0
671	Gpr132	NM_019925	-5720	0	0	0
672	Pmfbp1	NM_019938	-24837	0	0	0
673	Pdgfc	NM_019971	396	1	1	0
674	Litaf	NM_019980	-5082	0	0	0
675	Rabgef1	NM_019983	-1839	0	0	1
676	Pnkd	NM_019999	8073	0	0	1
677	B3galt2	NM_020025	-1137945	0	0	0
678	Zbtb33	NM_020256	-9715	0	0	0
679	B3galt1	NM_020283	132863	0	0	1
680	Insm2	NM_020287	841	1	1	0
681	Ank	NM_020332	62332	0	0	1
682	Ank	NM_020332	-148049	0	0	0
683	Sap30bp	NM_020483	16379	0	0	1
684	Xpo4	NM_020506	-30981	0	0	1
685	Xpo4	NM_020506	-31301	0	1	0
686	Xpo4	NM_020506	-31285	0	1	0
687	Fbxo3	NM_020593	726	1	0	1
688	Kit	NM_021099	3973	0	0	1
689	Kit	NM_021099	4011	0	0	1
690	Sec61a2	NM_021305	-10839	0	0	1
691	Htr6	NM_021358	-672	1	0	0
692	Caln1	NM_021371	293537	0	0	1
693	Bcl11b	NM_021399	28223	0	0	1
694	Shank3	NM_021423	23819	0	0	1
695	Shank3	NM_021423	23847	0	0	1
696	Shank3	NM_021423	23822	0	0	1
697	Shank3	NM_021423	23825	0	0	1
698	Shank3	NM_021423	23815	0	0	1
699	Shank3	NM_021423	23861	0	0	1
700	Shank3	NM_021423	23829	0	0	1
701	Chst11	NM_021439	94786	0	0	1
702	Crbn	NM_021449	-339796	0	0	0
703	Anapc5	NM_021505	19258	0	0	1
704	Bhlhe22	NM_021560	1373	0	1	0
705	Chst7	NM_021715	515	1	1	0
706	Nrip2	NM_021717	888	1	0	1
707	Oca2	NM_021879	123638	0	0	1
708	Ireb2	NM_022655	358	1	0	1
709	Lpin2	NM_022882	-50736	0	0	0
710	Lpin2	NM_022882	-50711	0	0	0
711	Slc30a5	NM_022885	-116914	0	0	0
712	Lpar3	NM_022983	53446	0	0	1
713	Pmepa1	NM_022995	-2666	0	0	0
714	Ndufb9	NM_023172	17859	0	1	0
715	Sdhb	NM_023374	10765	0	0	1
716	Cad	NM_023525	12287	0	1	0
717	Muc2	NM_023566	-1968	0	0	0
718	Ssbp3	NM_023672	-30118	0	0	0
719	Tfcp2l1	NM_023755	-38142	0	0	1
720	4930550L24Rik	NM_023774	-390005	0	0	0
721	Slco3a1	NM_023908	264203	0	0	1
722	Arl2bp	NM_024269	6071	0	1	0
723	Ssbp2	NM_024272	610	1	0	1
724	1500015O10Rik	NM_024283	-40734	0	0	0
725	Morf4l1	NM_024431	29844	0	0	0
726	Nudt7	NM_024446	-32459	0	0	0
727	Col26a1	NM_024474	1215	0	0	1
728	Btd	NM_025295	19683	0	0	1
729	Tmem57	NM_025382	95	1	1	0
730	Arl4d	NM_025404	7457	0	0	0
731	Nenf	NM_025424	21290	0	0	0
732	Gmpr	NM_025508	38781	0	1	0
733	Gmpr	NM_025508	38573	0	1	0
734	Fam136a	NM_025591	-21561	0	0	0
735	Tceanc2	NM_025617	25017	0	0	1
736	Zwint	NM_025635	50062	0	0	0
737	Mis18a	NM_025642	111843	0	0	0
738	Rpe	NM_025683	-41215	0	0	1
739	Tab3	NM_025729	-147	1	0	0
740	Tab3	NM_025729	-134	1	0	0
741	Asb17	NM_025758	-24283	0	0	0
742	Thap2	NM_025780	-144	1	0	0
743	Proz	NM_025834	836	1	0	1
744	Pole4	NM_025882	80	1	1	0
745	Fam210b	NM_025912	9381	0	1	0
746	2610301B20Rik	NM_026005	48823	0	0	0
747	Srfbp1	NM_026040	19	1	1	0
748	Srfbp1	NM_026040	10	1	1	0
749	Srfbp1	NM_026040	33	1	1	0
750	Srfbp1	NM_026040	51	1	1	0
751	Eri1	NM_026067	-36660	0	0	0
752	Ccdc53	NM_026070	48543	0	0	0
753	Hat1	NM_026115	-1282	0	0	0
754	Fam132a	NM_026125	6567	0	0	0
755	Klhl13	NM_026167	278039	0	0	0
756	Tmed9	NM_026211	2185	0	0	1
757	Gramd3	NM_026240	50387	0	0	1
758	Gramd3	NM_026240	50394	0	0	1
759	4930519G04Rik	NM_026263	-8359	0	0	0
760	Dusp6	NM_026268	57870	0	0	0
761	Dusp6	NM_026268	-12108	0	0	0
762	Dusp6	NM_026268	-24564	0	0	0
763	Tm7sf3	NM_026281	21276	0	0	1
764	Tm7sf3	NM_026281	524	1	0	1
765	Rgs8	NM_026380	-10774	0	0	0
766	Dgat2	NM_026384	18735	0	0	1
767	Snx2	NM_026386	3524	0	0	1
768	Yipf4	NM_026417	-43	1	0	0
769	Saraf	NM_026432	162460	0	0	0
770	Ccdc80	NM_026439	2219	0	1	0
771	Grhl2	NM_026496	-112173	0	0	0
772	2700060E02Rik	NM_026528	-51663	0	1	0
773	Bcas2	NM_026602	47519	0	0	0
774	Fam135a	NM_026604	-7902	0	0	0
775	Zdhhc21	NM_026647	173562	0	0	0
776	Tmem174	NM_026685	58514	0	0	0
777	Tspan11	NM_026743	-21563	0	0	0
778	Mphosph6	NM_026758	-114819	0	0	0
779	Rreb1	NM_026830	-47199	0	0	0
780	Med27	NM_026896	135150	0	0	1
781	1700008P02Rik	NM_027048	-200809	0	0	0
782	1700008O03Rik	NM_027049	22275	0	1	0
783	Avpi1	NM_027106	1893	0	0	1
784	Casz1	NM_027195	114955	0	0	1
785	Ube2q1	NM_027315	26031	0	0	0
786	Ube2q1	NM_027315	94	1	1	0
787	Ube2q1	NM_027315	89	1	1	0
788	Gorasp2	NM_027352	-19	1	0	0
789	Steap1	NM_027399	-678707	0	0	0
790	Ica1l	NM_027407	-45	1	0	0
791	Ddo	NM_027442	-241	1	0	0
792	Armc9	NM_027456	74114	0	0	1
793	Cpm	NM_027468	29332	0	0	1
794	Ecd	NM_027475	19413	0	1	0
795	Pgrmc2	NM_027558	-802	1	0	0
796	4933405L10Rik	NM_027655	19387	0	0	1
797	Hsfy2	NM_027661	-44388	0	0	0
798	Iqgap2	NM_027711	-100	1	0	0
799	Dhrs2	NM_027790	-52309	0	0	0
800	Isx	NM_027837	-301176	0	0	0
801	Armcx3	NM_027870	447	1	0	1
802	Ppp1r12a	NM_027892	-72365	0	0	0
803	Tha1	NM_027919	-36014	0	0	0
804	Ddi1	NM_027942	-184893	0	0	0
805	Cfap45	NM_027972	8786	0	1	0
806	Lypd6b	NM_027990	53227	0	0	1
807	Cnn3	NM_028044	-47535	0	0	0
808	Cnn3	NM_028044	-47318	0	0	0
809	Fundc1	NM_028058	-93033	0	0	0
810	Fundc1	NM_028058	-93037	0	0	0
811	Trmu	NM_028063	68503	0	0	1
812	Trmu	NM_028063	68481	0	0	1
813	Tmem68	NM_028097	161046	0	0	0
814	Adpgk	NM_028121	-97318	0	0	0
815	Adpgk	NM_028121	-68792	0	0	0
816	Scaf11	NM_028148	-17841	0	0	0
817	Shmt2	NM_028230	-2652	0	0	0
818	Col16a1	NM_028266	20660	0	1	0
819	Zfp618	NM_028326	-142733	0	0	0
820	Ccser2	NM_028407	15069	0	0	1
821	Ttc9b	NM_028417	9335	0	1	0
822	Vgll3	NM_028572	-190	1	0	0
823	Lmntd1	NM_028742	-44361	0	0	0
824	Acoxl	NM_028765	67676	0	0	1
825	Tmem43	NM_028766	20085	0	0	1
826	Sash3	NM_028773	-6322	0	0	0
827	Sec14l1	NM_028777	13322	0	1	1
828	Rnd3	NM_028810	1723	0	0	1
829	1700017B05Rik	NM_028820	8715	0	1	0
830	Snx19	NM_028874	-25761	0	0	0
831	Snx19	NM_028874	10152	0	1	0
832	Tc2n	NM_028924	31858	0	0	1
833	Nipal3	NM_028995	9111	0	0	1
834	Spsb1	NM_029035	-15222	0	0	0
835	Sepn1	NM_029100	-3184	0	0	0
836	Sv2c	NM_029210	21643	0	0	1
837	Dynlrb2	NM_029297	-21270	0	0	0
838	Stpg4	NM_029298	51993	0	0	1
839	Spaca3	NM_029367	118808	0	0	1
840	Apol7a	NM_029419	41988	0	0	0
841	Dcstamp	NM_029422	24884	0	0	1
842	Pnpla5	NM_029427	-5849	0	0	0
843	Bcor	NM_029510	81237	0	0	0
844	Rap2a	NM_029519	119751	0	0	0
845	0610040J01Rik	NM_029554	17320	0	0	1
846	Pbp2	NM_029595	20788	0	0	0
847	Prss23	NM_029614	-9732	0	0	0
848	Il34	NM_029646	18	1	1	0
849	Mfsd2a	NM_029662	35305	0	0	0
850	2410124H12Rik	NM_029740	-3248	0	0	0
851	Unc5b	NM_029770	-49547	0	0	0
852	Lrg1	NM_029796	1711	0	1	0
853	2610028H24Rik	NM_029816	-1463	0	0	0
854	Bcl7a	NM_029850	414	1	0	1
855	Lcn12	NM_029958	2655	0	0	1
856	Adamtsl2	NM_029981	9048	0	0	1
857	A930009A15Rik	NM_029982	-13507	0	0	1
858	Pigh	NM_029988	23946	0	1	0
859	9230112D13Rik	NM_030062	7999	0	0	1
860	Nxpe2	NM_030069	174111	0	0	0
861	4930562C15Rik	NM_030192	-14290	0	0	0
862	Smim12	NM_030252	20068	0	0	0
863	Tusc3	NM_030254	-68351	0	0	0
864	Fgf16	NM_030614	554	1	0	1
865	Fgf16	NM_030614	545	1	0	1
866	Fgf16	NM_030614	573	1	0	1
867	Nr5a2	NM_030676	-222234	0	0	0
868	Hcar2	NM_030701	10860	0	0	0
869	Gatsl2	NM_030719	-630684	0	0	0
870	Syt13	NM_030725	-64355	0	0	0
871	Sf3b1	NM_031179	322	1	0	1
872	Tfec	NM_031198	101396	0	0	0
873	Dock2	NM_033374	253	1	0	1
874	Dock2	NM_033374	278	1	0	1
875	Spred2	NM_033523	-392921	0	0	0
876	Pard3	NM_033620	-38494	0	0	0
877	Lmx1a	NM_033652	222045	0	0	0
878	Olig3	NM_053008	53108	0	0	0
879	Olig3	NM_053008	886	1	1	0
880	Lrp1b	NM_053011	-20815	0	0	0
881	Atg5	NM_053069	385	1	0	1
882	Lmod1	NM_053106	336	1	1	0
883	Foxp2	NM_053242	-1422	0	0	0
884	Foxp2	NM_053242	-45203	0	0	0
885	Dhcr24	NM_053272	25250	0	0	1
886	Rapgef1	NM_054050	-48964	0	0	0
887	Pawr	NM_054056	89068	0	0	0
888	Tshz2	NM_080455	-118039	0	0	0
889	Tshz2	NM_080455	149306	0	0	1
890	Ssfa2	NM_080558	-45993	0	0	0
891	Sh3bgrl3	NM_080559	5249	0	1	0
892	Emid1	NM_080595	-3457	0	0	0
893	Emid1	NM_080595	-33754	0	0	0
894	Timp4	NM_080639	-21819	0	0	1
895	Baalc	NM_080640	-13157	0	0	0
896	Cyp4f13	NM_130882	-4373	0	1	0
897	Steap3	NM_133186	1379	0	0	1
898	Scn4a	NM_133199	8217	0	0	1
899	Scn4a	NM_133199	8263	0	0	1
900	Gcnt2	NM_133219	912	1	1	1
901	Cd34	NM_133654	-10902	0	0	0
902	Pold3	NM_133692	-15639	0	0	0
903	Errfi1	NM_133753	23644	0	0	0
904	D1Ertd622e	NM_133825	649	1	0	1
905	D1Ertd622e	NM_133825	-137	1	0	0
906	Creb1	NM_133828	-23649	0	0	0
907	C8b	NM_133882	-124992	0	0	1
908	Lrrc8c	NM_133897	47670	0	0	1
909	Sdsl	NM_133902	18037	0	0	0
910	Pxn	NM_133915	8789	0	0	1
911	Pxn	NM_133915	8709	0	0	1
912	Pxn	NM_133915	8818	0	0	1
913	Pxn	NM_133915	8790	0	0	1
914	Rpn1	NM_133933	32670	0	0	0
915	Rpn1	NM_133933	32706	0	0	0
916	Plekha1	NM_133942	162	1	0	1
917	Usb1	NM_133954	8981	0	0	1
918	Rhou	NM_133955	298	1	0	1
919	Cd276	NM_133983	3501	0	1	0
920	Nt5m	NM_134029	44047	0	0	0
921	Fam19a5	NM_134096	-401	1	0	1
922	Ildr1	NM_134109	15029	0	0	1
923	Ildr1	NM_134109	15644	0	0	1
924	Kctd1	NM_134112	-24568	0	0	0
925	Actn1	NM_134156	52400	0	0	1
926	Vmn1r-ps103	NM_134211	-5802	0	0	0
927	Kif2c	NM_134471	-4543	0	0	0
928	Otud5	NM_138604	614	1	1	0
929	Ppp1r3f	NM_138605	-119	1	0	1
930	Dgkg	NM_138650	84716	0	0	1
931	Mvd	NM_138656	161	1	0	1
932	Socs7	NM_138657	41617	0	0	0
933	Lrrc4	NM_138682	321	1	1	1
934	Wdr81	NM_138950	1717	0	1	0
935	Rassf3	NM_138956	-30158	0	0	0
936	Defb7	NM_139220	40396	0	0	0
937	Galnt2	NM_139272	46798	0	0	1
938	Trib1	NM_144549	-17834	0	0	0
939	Trib2	NM_144551	-369350	0	0	0
940	Adamtsl4	NM_144899	4364	0	0	1
941	Plekha5	NM_144920	-127724	0	0	0
942	Mgl2	NM_145137	9210	0	0	0
943	Pomt1	NM_145145	-10349	0	1	0
944	Slc44a3	NM_145394	256	1	0	1
945	Slc44a3	NM_145394	-13184	0	0	0
946	Prmt7	NM_145404	59319	0	0	1
947	Shisa2	NM_145463	80554	0	0	1
948	Stk24	NM_145465	144094	0	1	0
949	Stk24	NM_145465	144101	0	1	0
950	Zfp521	NM_145492	317525	0	0	0
951	Sbk1	NM_145587	19625	0	1	0
952	Sbk1	NM_145587	19816	0	1	0
953	Sbk1	NM_145587	19829	0	1	0
954	Sbk1	NM_145587	19843	0	1	0
955	Sbk1	NM_145587	19855	0	1	0
956	Sbk1	NM_145587	19860	0	1	0
957	Sbk1	NM_145587	19862	0	1	0
958	Sbk1	NM_145587	19957	0	1	0
959	Sbk1	NM_145587	19973	0	1	0
960	Sbk1	NM_145587	20107	0	1	0
961	Sbk1	NM_145587	19767	0	1	0
962	Chmp1a	NM_145606	-17	1	0	0
963	Ice2	NM_145618	-77310	0	0	1
964	Irf2bpl	NM_145836	67613	0	0	0
965	Evc2	NM_145920	80860	0	0	1
966	Pttg1ip	NM_145925	-9099	0	0	0
967	Enox2	NM_145951	80	1	1	0
968	Enox2	NM_145951	100	1	1	1
969	Enox2	NM_145951	64	1	1	0
970	Arhgap9	NM_146011	3228	0	1	0
971	Gltpd2	NM_146020	1254	0	1	0
972	Lrrc3b	NM_146052	-121192	0	0	0
973	Prr5	NM_146061	-26888	0	0	0
974	Zadh2	NM_146090	130236	0	0	1
975	Zadh2	NM_146090	157976	0	0	1
976	Cacnb4	NM_146123	35067	0	0	1
977	Ipo13	NM_146152	-117	1	0	0
978	Tmem119	NM_146162	-5121	0	0	0
979	Vopp1	NM_146168	300	1	0	1
980	Ccdc106	NM_146178	222	1	1	0
981	Kctd15	NM_146188	-40095	0	0	1
982	Armc5	NM_146205	-278	1	1	0
983	Mmgt1	NM_146234	-14	1	0	0
984	Cdk17	NM_146239	-4046	0	0	0
985	Rp1l1	NM_146246	29545	0	1	0
986	Olfr1370	NM_146535	18434	0	0	0
987	Olfr340	NM_146951	10979	0	0	0
988	Rps6ka3	NM_148945	-2101	0	0	0
989	Dicer1	NM_148948	-9577	0	0	0
990	Gipc3	NM_148951	2067	0	1	0
991	Cdc5l	NM_152810	76945	0	0	0
992	Unc5cl	NM_152823	90190	0	0	0
993	Mkl1	NM_153049	-37294	0	0	1
994	Lrrc25	NM_153074	4254	0	0	0
995	Prss42	NM_153099	-15476	0	0	0
996	Padi6	NM_153106	20372	0	1	0
997	Padi6	NM_153106	20389	0	1	0
998	9530068E07Rik	NM_153117	107520	0	0	0
999	Nat10	NM_153126	44163	0	0	1
1000	Slc35e4	NM_153142	2215	0	0	1
1001	Mical3	NM_153396	-15116	0	0	1
1002	Mical3	NM_153396	36316	0	0	1
1003	Syne1	NM_153399	4614	0	0	1
1004	Syne1	NM_153399	35786	0	0	1
1005	Ankrd23	NM_153502	-5179	0	0	1
1006	Tns2	NM_153533	15272	0	0	1
1007	Phldb1	NM_153537	26830	0	0	1
1008	Aldh1l2	NM_153543	79432	0	0	0
1009	Mboat1	NM_153546	45414	0	0	1
1010	Mboat1	NM_153546	-13392	0	0	0
1011	Katnal1	NM_153572	7290	0	1	0
1012	Snx17	NM_153680	496	1	0	1
1013	Dnmt3a	NM_153743	26310	0	0	0
1014	Scarf2	NM_153790	6506	0	1	0
1015	Cpne7	NM_170684	13983	0	0	1
1016	Sidt2	NM_172257	186	1	1	0
1017	Vps18	NM_172269	8612	0	1	0
1018	Plcg2	NM_172285	-60542	0	0	1
1019	Nup133	NM_172288	-9149	0	0	1
1020	Tmem125	NM_172383	-11006	0	1	0
1021	Smndc1	NM_172429	-14340	0	0	0
1022	Smndc1	NM_172429	-14312	0	0	0
1023	Tbc1d25	NM_172478	29	1	1	0
1024	Prrt3	NM_172487	6510	0	1	0
1025	Diaph2	NM_172493	537547	0	0	1
1026	Diaph2	NM_172493	1125570	0	0	0
1027	Cobl	NM_172496	-291584	0	0	0
1028	Nhlrc3	NM_172501	10689	0	1	0
1029	Arhgef19	NM_172520	4104	0	1	0
1030	Megf11	NM_172522	-92	1	0	0
1031	Megf11	NM_172522	-119	1	0	0
1032	Hlf	NM_172563	42970	0	0	1
1033	Hlf	NM_172563	42996	0	0	1
1034	Rhbdf2	NM_172572	-11553	0	0	0
1035	Arl15	NM_172595	21336	0	0	1
1036	Sh3tc2	NM_172628	-1117	0	0	0
1037	Mapk4	NM_172632	900	1	0	1
1038	Kctd3	NM_172650	104283	0	0	1
1039	Prrc2b	NM_172661	440	1	0	1
1040	Uba6	NM_172712	232	1	0	1
1041	Fam221a	NM_172727	10710	0	1	0
1042	Fgd5	NM_172731	-6364	0	0	0
1043	Mtmr10	NM_172742	-72	1	0	0
1044	Dmxl2	NM_172771	-1451	0	0	0
1045	Nxt2	NM_172782	567	1	0	1
1046	Lrp11	NM_172784	220	1	1	0
1047	Sh3rf3	NM_172788	-3675	0	0	0
1048	Malt1	NM_172833	74527	0	0	0
1049	Fmo9	NM_172844	-152569	0	0	0
1050	Nyap2	NM_172849	292801	0	0	0
1051	Ttc34	NM_172878	-53926	0	0	0
1052	2900026A02Rik	NM_172884	8572	0	0	1
1053	D8Ertd82e	NM_172911	9109	0	1	0
1054	D8Ertd82e	NM_172911	69140	0	0	0
1055	D8Ertd82e	NM_172911	-75698	0	0	0
1056	D8Ertd82e	NM_172911	-75672	0	0	0
1057	Abcc12	NM_172912	334466	0	0	0
1058	Rbbp8nl	NM_173031	217	1	0	1
1059	Tbcel	NM_173038	35072	0	1	0
1060	Tbcel	NM_173038	15582	0	0	1
1061	Tbcel	NM_173038	35080	0	1	0
1062	Speer2	NM_173069	947730	0	0	0
1063	Fam110b	NM_173426	119078	0	0	1
1064	Nrip1	NM_173440	-306924	0	0	0
1065	Rccd1	NM_173445	-1765	0	0	1
1066	Galnt18	NM_173739	85257	0	0	1
1067	Tdrp	NM_173744	42	1	1	0
1068	Slc45a1	NM_173774	-24088	0	0	0
1069	Ticam1	NM_174989	-4813	0	1	0
1070	Ticam1	NM_174989	-4822	0	1	0
1071	Mgst2	NM_174995	180998	0	0	1
1072	Stbd1	NM_175096	-3827	0	0	0
1073	Stox2	NM_175162	-33238	0	0	0
1074	Arhgap26	NM_175164	88846	0	0	1
1075	Amer1	NM_175179	53	1	1	0
1076	Lysmd4	NM_175215	-22745	0	0	0
1077	Fam53b	NM_175268	60185	0	0	1
1078	Fam53b	NM_175268	60182	0	0	1
1079	Fam53b	NM_175268	60217	0	0	1
1080	Rassf10	NM_175279	354	1	1	0
1081	Fzd10	NM_175284	19169	0	0	0
1082	Nlrp4f	NM_175290	-36450	0	0	0
1083	Fam46b	NM_175307	-37340	0	0	0
1084	Fam46b	NM_175307	-53011	0	0	0
1085	Ano6	NM_175344	39419	0	0	1
1086	Ano6	NM_175344	39383	0	0	1
1087	Exoc6	NM_175353	26587	0	1	0
1088	Exoc6	NM_175353	26627	0	1	0
1089	Exoc6	NM_175353	-54645	0	0	0
1090	Rbfox2	NM_175387	-20807	0	0	0
1091	Wdr18	NM_175450	-13309	0	0	1
1092	Wdr18	NM_175450	-11581	0	0	1
1093	Arhgap25	NM_175476	211	1	1	0
1094	Elfn1	NM_175522	118374	0	0	1
1095	Xylt1	NM_175645	316942	0	0	0
1096	Dmrta1	NM_175647	-37807	0	0	0
1097	Hist1h2ba	NM_175663	2813	0	0	0
1098	C030006K11Rik	NM_176828	-1134	0	1	0
1099	P3h4	NM_176830	634	1	1	0
1100	Fam76b	NM_176836	141335	0	0	0
1101	Fbxo2	NM_176848	32422	0	0	0
1102	Pld5	NM_176916	-91	1	0	0
1103	Dusp4	NM_176933	-79760	0	0	0
1104	6430573F11Rik	NM_176952	-112793	0	0	0
1105	Galm	NM_176963	2340	0	0	1
1106	Galm	NM_176963	2305	0	0	1
1107	Oacyl	NM_177028	-721	1	0	0
1108	Kndc1	NM_177261	-19775	0	0	1
1109	Dmrt3	NM_177360	13460	0	0	0
1110	Tnfsf15	NM_177371	3080	0	0	1
1111	Tram2	NM_177409	-42	1	0	0
1112	Dars	NM_177445	-39659	0	0	0
1113	Plcb2	NM_177568	4643	0	1	0
1114	Slfnl1	NM_177570	-15333	0	1	0
1115	Iqcj	NM_177585	717	1	0	1
1116	Secisbp2l	NM_177608	-10159	0	0	0
1117	Psd4	NM_177611	1133	0	0	1
1118	Vgll4	NM_177683	-8392	0	0	0
1119	Zfp637	NM_177684	-20906	0	0	0
1120	Mb21d2	NM_177718	-71639	0	0	0
1121	Zfp507	NM_177739	-393325	0	0	0
1122	Ppp1r3b	NM_177741	-118732	0	0	0
1123	Zfp711	NM_177747	559	1	0	1
1124	Colgalt2	NM_177756	19463	0	0	1
1125	Ccdc60	NM_177759	95647	0	0	1
1126	Smtnl2	NM_177776	14993	0	0	1
1127	Smtnl2	NM_177776	15010	0	0	1
1128	Prex1	NM_177782	66820	0	1	0
1129	Cpa6	NM_177834	89414	0	0	1
1130	Fam163a	NM_177838	183	1	1	0
1131	Vps37b	NM_177876	5663	0	0	1
1132	Vps37b	NM_177876	5690	0	0	1
1133	Sdk1	NM_177879	103078	0	0	1
1134	Piwil4	NM_177905	37492	0	0	1
1135	Lrrtm2	NM_178005	-78198	0	0	1
1136	Pigk	NM_178016	-7784	0	0	0
1137	Prom2	NM_178047	2781	0	0	1
1138	Aifm2	NM_178058	-4418	0	0	0
1139	Arel1	NM_178065	689	1	0	1
1140	Lcorl	NM_178142	208	1	0	1
1141	Prkaa2	NM_178143	-2191	0	0	0
1142	E2f7	NM_178609	-49986	0	0	0
1143	Sccpdh	NM_178653	41145	0	0	0
1144	Ubxn10	NM_178671	48772	0	0	0
1145	Zfp365	NM_178679	107847	0	0	0
1146	Zfp365	NM_178679	2976	0	1	0
1147	Zfp365	NM_178679	120904	0	0	0
1148	Zfp365	NM_178679	3148	0	1	0
1149	Prr18	NM_178774	433	1	1	0
1150	Bcorl1	NM_178782	3569	0	0	1
1151	Gorab	NM_178883	-154993	0	0	0
1152	Tmem56	NM_178936	21035	0	0	1
1153	Trappc9	NM_180662	-35	1	0	0
1154	Nnat	NM_180960	123	1	1	1
1155	Cmbl	NM_181588	-137	1	0	0
1156	Cmbl	NM_181588	-147	1	0	0
1157	Cmbl	NM_181588	-174	1	0	0
1158	Adm2	NM_182928	-1416	0	0	0
1159	Raver2	NM_183024	-74225	0	1	0
1160	Pcmtd1	NM_183028	85	1	1	0
1161	Zfp516	NM_183033	-38724	0	0	0
1162	Zfp516	NM_183033	-38714	0	0	0
1163	4931429L15Rik	NM_183104	-123451	0	0	0
1164	Elfn2	NM_183141	46118	0	1	0
1165	Pyroxd1	NM_183165	20487	0	0	1
1166	Coa4	NM_183270	2055	0	1	0
1167	Dhrs13	NM_183286	354	1	1	0
1168	Qrfp	NM_183424	-13179	0	0	1
1169	Glra2	NM_183427	140465	0	0	1
1170	Esrp1	NM_194055	2763	0	0	1
1171	Foxo6	NM_194060	20062	0	1	0
1172	Foxo6	NM_194060	20060	0	1	0
1173	Foxo6	NM_194060	20098	0	1	0
1174	Foxo6	NM_194060	20057	0	1	0
1175	Bms1	NM_194339	68977	0	0	0
1176	Tspan15	NM_197996	43911	0	1	0
1177	Tbx3	NM_198052	-17014	0	0	0
1178	Tbkbp1	NM_198100	3004	0	0	1
1179	Lrrc24	NM_198119	3787	0	1	0
1180	Zbtb40	NM_198248	7695	0	0	1
1181	Tanc1	NM_198294	-48471	0	0	0
1182	Inf2	NM_198411	9003	0	0	1
1183	Cdh26	NM_198656	236439	0	0	0
1184	Kcnk12	NM_199251	22637	0	0	1
1185	Jade3	NM_199317	-34374	0	0	0
1186	Plec	NM_201394	3581	0	0	1
1187	Gnas	NM_201617	2073	0	1	1
1188	Gnas	NM_201617	2076	0	1	1
1189	Gnas	NM_201617	2064	0	1	1
1190	Chrm2	NM_203491	-97990	0	0	0
1191	Cebpe	NM_207131	168	1	1	0
1192	Tes	NM_207176	-65364	0	0	0
1193	Acap3	NM_207223	11554	0	1	0
1194	Acap3	NM_207223	14313	0	1	0
1195	Man1c1	NM_207237	70737	0	0	1
1196	Zfp532	NM_207255	21000	0	0	1
1197	Osbpl1a	NM_207530	968	1	0	1
1198	Yipf6	NM_207633	561	1	0	1
1199	Bcl2l11	NM_207681	131478	0	0	0
1200	Pla2g2a	NR_002926	-4262	0	0	1
1201	Pla2g2a	NR_002926	-4288	0	0	1
1202	Kis2	NR_003188	-443	1	0	0
1203	Neat1	NR_003513	-8273	0	0	1
1204	H2afy3	NR_003523	38088	0	0	1
1205	Vmn2r-ps11	NR_003962	31509	0	0	1
1206	Vmn2r-ps11	NR_003962	31513	0	0	1
1207	Snord73a	NR_004417	15581	0	1	0
1208	Cdk3-ps	NR_004853	6173	0	1	0
1209	B430010I23Rik	NR_015457	-31838	0	1	0
1210	LOC100043315	NR_015482	-79513	0	0	1
1211	A530013C23Rik	NR_015500	54132	0	0	0
1212	1700030C10Rik	NR_015521	290	1	1	0
1213	9530036O11Rik	NR_015562	-538	1	0	1
1214	1700012D14Rik	NR_015573	-410	1	0	0
1215	4933432I09Rik	NR_015575	-8588	0	1	0
1216	BB123696	NR_027893	2564	0	0	1
1217	4931440P22Rik	NR_027955	-51101	0	0	0
1218	9130230L23Rik	NR_027961	-14942	0	1	0
1219	1700020N01Rik	NR_027968	-98673	0	0	0
1220	Sapcd1	NR_028258	2835	0	1	0
1221	2210417A02Rik	NR_028285	68760	0	0	0
1222	Fance	NR_028297	-15125	0	1	0
1223	Dubr	NR_028300	-25217	0	0	0
1224	4930503E24Rik	NR_028310	83263	0	0	0
1225	A930004D18Rik	NR_028376	-2114	0	0	0
1226	Gm17762	NR_028378	-1043	0	1	0
1227	Gm2176	NR_028424	-3951	0	0	0
1228	Snord12	NR_028540	14718	0	0	0
1229	A530088E08Rik	NR_029458	-6268	0	1	0
1230	A530088E08Rik	NR_029458	-6440	0	1	0
1231	Mir30a	NR_029533	-18078	0	0	0
1232	Mir124a-3	NR_029538	-2716	0	0	0
1233	Mir135a-1	NR_029549	1238	0	1	0
1234	Mir122	NR_029600	-70772	0	0	1
1235	Mir34a	NR_029751	-1075	0	0	0
1236	Mir200c	NR_029792	-97	1	0	0
1237	Mir671	NR_030423	169	1	1	0
1238	Mir762	NR_030428	-45	1	1	0
1239	Mir574	NR_030577	24162	0	0	1
1240	A630075F10Rik	NR_033634	139922	0	0	0
1241	Gm7550	NR_033689	-51322	0	0	0
1242	Gm7550	NR_033689	-51339	0	0	0
1243	Mir669h	NR_035418	405897	0	0	0
1244	Mir1929	NR_035450	22190	0	0	0
1245	Mir1932	NR_035453	12453	0	0	0
1246	Mir1956	NR_035481	70050	0	0	0
1247	Mir1982	NR_035503	6628	0	1	0
1248	Gm4814	NR_036451	-9795	0	1	0
1249	A730020M07Rik	NR_036457	53393	0	0	0
1250	1700121N20Rik	NR_036593	138361	0	0	0
1251	Mir3063	NR_037223	17588	0	0	0
1252	Mir3085	NR_037246	8857	0	0	0
1253	Mir3085	NR_037246	8820	0	0	0
1254	Mir3107	NR_037293	-3312	0	0	1
1255	Mir3108	NR_037295	-33351	0	0	1
1256	Gm1968	NR_037689	125908	0	0	0
1257	E030025P04Rik	NR_037978	-49240	0	0	0
1258	Gm20268	NR_037989	113601	0	0	0
1259	C730036E19Rik	NR_038011	-50478	0	0	0
1260	Gm20110	NR_038019	-71378	0	0	0
1261	Gm20125	NR_038020	476659	0	0	0
1262	4930474N09Rik	NR_038130	-38020	0	0	1
1263	1700042G15Rik	NR_038178	-22282	0	0	0
1264	1700042G15Rik	NR_038179	25138	0	0	0
1265	Mir5101	NR_039560	106180	0	0	1
1266	2210408F21Rik	NR_040261	-10554	0	0	0
1267	9330179D12Rik	NR_040274	-3351	0	1	0
1268	B230217O12Rik	NR_040316	26068	0	0	1
1269	Gm15880	NR_040343	-48500	0	1	0
1270	A230028O05Rik	NR_040374	-320	1	0	0
1271	1810021B22Rik	NR_040417	6122	0	1	0
1272	1810021B22Rik	NR_040417	6151	0	1	0
1273	1810021B22Rik	NR_040417	6108	0	1	0
1274	Gm15708	NR_040432	24188	0	0	1
1275	1700047G03Rik	NR_040447	-16578	0	0	0
1276	Gm10007	NR_040449	-128460	0	0	0
1277	Gm10007	NR_040449	-301792	0	0	1
1278	C030007H22Rik	NR_040482	73538	0	0	0
1279	1810053B23Rik	NR_040486	202772	0	0	0
1280	1700028P15Rik	NR_040509	-26028	0	0	0
1281	1700028P15Rik	NR_040509	89619	0	0	0
1282	1700049E22Rik	NR_040525	5250	0	0	1
1283	1700049E22Rik	NR_040525	-118763	0	0	0
1284	4930433B08Rik	NR_040544	-165621	0	0	0
1285	4930478L05Rik	NR_040569	-86181	0	0	0
1286	4930455H04Rik	NR_040596	-6261	0	0	1
1287	9430019J16Rik	NR_040635	273657	0	0	0
1288	4933438B17Rik	NR_040685	-713245	0	0	0
1289	B930018H19Rik	NR_040706	232532	0	0	0
1290	B930018H19Rik	NR_040706	17987	0	0	1
1291	4930428G15Rik	NR_040730	18847	0	0	0
1292	4930428G15Rik	NR_040730	230805	0	0	0
1293	Gm5122	NR_040767	-1432	0	0	0
1294	Gm20187	NR_045052	54372	0	0	0
1295	4930556M19Rik	NR_045065	45205	0	0	1
1296	4933427I22Rik	NR_045160	6116	0	1	1
1297	Gm8633	NR_045179	-134797	0	0	0
1298	5430437J10Rik	NR_045274	315225	0	0	0
1299	B230214G05Rik	NR_045281	-190741	0	0	0
1300	B230214G05Rik	NR_045281	-190736	0	0	0
1301	B230214G05Rik	NR_045281	66072	0	0	0
1302	Rptoros	NR_045313	26818	0	0	1
1303	Gm19705	NR_045324	-13247	0	0	0
1304	4921531P14Rik	NR_045361	39962	0	0	0
1305	4921531P14Rik	NR_045361	172009	0	0	0
1306	1810013A23Rik	NR_045427	966	1	0	1
1307	4930452A19Rik	NR_045433	49526	0	0	0
1308	Bcor	NR_045434	275	1	0	1
1309	B630019K06Rik	NR_045448	284	1	1	0
1310	B630019K06Rik	NR_045448	291	1	1	0
1311	B630019K06Rik	NR_045448	303	1	1	0
1312	4933433H22Rik	NR_045458	50626	0	0	0
1313	4933433H22Rik	NR_045458	40631	0	0	0
1314	4933433H22Rik	NR_045458	40977	0	0	0
1315	1700029N11Rik	NR_045489	111250	0	0	0
1316	4933412O06Rik	NR_045507	97716	0	0	1
1317	D030025E07Rik	NR_045704	-173341	0	0	0
1318	E130310I04Rik	NR_045723	-25994	0	0	1
1319	4933400L20Rik	NR_045730	198152	0	0	0
1320	1700060C16Rik	NR_045732	-181950	0	1	0
1321	1700060C16Rik	NR_045732	-182060	0	1	0
1322	1700060C16Rik	NR_045732	-182007	0	1	0
1323	4930486I03Rik	NR_045734	121781	0	0	1
1324	4930505G20Rik	NR_045761	-240591	0	0	1
1325	4930505G20Rik	NR_045761	-240589	0	0	1
1326	4930505G20Rik	NR_045761	-240566	0	0	1
1327	A530072M11Rik	NR_045765	531262	0	0	0
1328	A530072M11Rik	NR_045765	422367	0	0	0
1329	4930417O22Rik	NR_045806	-27694	0	0	0
1330	4930417O22Rik	NR_045806	-27673	0	0	0
1331	4930548G14Rik	NR_045811	151551	0	0	0
1332	Gm17746	NR_045844	226980	0	0	0
1333	5430440P10Rik	NR_045859	-78991	0	0	0
1334	2310008N11Rik	NR_045904	167388	0	0	0
1335	1700128A07Rik	NR_045938	135661	0	0	0
1336	4930432J09Rik	NR_045953	73256	0	0	0
1337	4930432J09Rik	NR_045953	73304	0	0	0
1338	1700003P14Rik	NR_045982	-45866	0	0	0
1339	C530044C16Rik	NR_045984	32810	0	0	1
1340	C330024C12Rik	NR_046016	15872	0	0	0
1341	Gm11186	NR_046047	76279	0	0	1
1342	Gm10677	NR_046048	-82456	0	0	0
1343	Gm10677	NR_046048	-82431	0	0	0
1344	Gm16863	NR_046162	-25738	0	0	0
1345	Gm16294	NR_046185	-6527	0	0	0
1346	Gm16294	NR_046185	-6533	0	0	0
1347	Gm16294	NR_046185	-6523	0	0	0
1348	D730050B12Rik	NR_046196	-44331	0	0	0
1349	D730050B12Rik	NR_046196	-57299	0	0	0
1350	Rn45s	NR_046233	1619	0	1	0
1351	Rn45s	NR_046233	1904	0	1	0
1352	DQ267102	NR_046306	2246	0	0	1
1353	Ankzf1	NR_051999	6388	0	1	0
1354	A930016O22Rik	NR_073015	-4810	0	1	0
1355	4930453L07Rik	NR_073360	36544	0	0	0
1356	2610027K06Rik	NR_077059	21670	0	0	1
1357	D830026I12Rik	NR_102305	-27244	0	0	0
1358	D830026I12Rik	NR_102305	-28704	0	0	0
1359	Ano4	NR_102339	-87192	0	0	0
1360	Ano4	NR_102339	-87236	0	0	0
1361	Gm2087	NR_102437	-135905	0	0	0
