	name	feature.name	dist.to.feature	prom	exon	intron
1	Taf9b	NM_001001176	251	1	1	0
2	Thnsl1	NM_001001297	76522	0	0	0
3	2510009E07Rik	NM_001001881	29587	0	0	1
4	Eea1	NM_001001932	-60435	0	0	0
5	Rpl17	NM_001002239	249	1	0	1
6	Rab44	NM_001002786	41212	0	0	1
7	Fam222a	NM_001004180	43747	0	1	0
8	Ado	NM_001005419	-117946	0	0	0
9	Ppp1r26	NM_001005420	-26153	0	0	0
10	Barhl2	NM_001005477	-103404	0	0	0
11	Lmtk3	NM_001005511	9827	0	1	0
12	Tceanc	NM_001007577	273	1	0	1
13	Fndc3c1	NM_001007580	73	1	1	0
14	Fut10	NM_001012517	32002	0	0	1
15	E2f8	NM_001013368	-646	1	0	0
16	Dync1li2	NM_001013380	254	1	1	0
17	Pard3	NM_001013580	293455	0	1	0
18	Maml2	NM_001013813	-5569	0	0	0
19	Dyrk2	NM_001014390	527	1	0	1
20	Mctp2	NM_001024703	849947	0	0	0
21	Kcnc2	NM_001025581	177915	0	0	1
22	Lonrf2	NM_001029878	74072	0	0	0
23	Fbxo33	NM_001033156	-212055	0	0	0
24	5730507C01Rik	NM_001033157	662014	0	0	0
25	Slc6a21	NM_001033176	25351	0	0	1
26	Nlrc5	NM_001033207	878	1	0	1
27	Prickle1	NM_001033217	-73013	0	0	0
28	Itga1	NM_001033228	-108811	0	0	0
29	Cblb	NM_001033238	203739	0	0	0
30	Gxylt1	NM_001033275	314023	0	0	0
31	Gxylt1	NM_001033275	-4322	0	0	0
32	Carmil2	NM_001033320	3307	0	1	0
33	Zbtb16	NM_001033324	43812	0	0	1
34	Cdc42bpg	NM_001033342	-8787	0	1	0
35	Cdc42bpg	NM_001033342	-8734	0	0	1
36	Cdc42bpg	NM_001033342	442	1	0	1
37	Gal3st4	NM_001033416	-3200	0	1	0
38	Gal3st4	NM_001033416	-3180	0	1	0
39	Thoc2	NM_001033422	835	1	0	1
40	Atxn7l1	NM_001033436	-13068	0	0	0
41	Wdr72	NM_001033500	167381	0	0	1
42	Smim9	NM_001033786	7881	0	0	1
43	Ccdc160	NM_001034059	-1435	0	0	0
44	Fam134b	NM_001034851	-69340	0	0	1
45	Bpifb4	NM_001034875	2024	0	1	0
46	Ccne2	NM_001037134	-8835	0	0	0
47	Csf1r	NM_001037859	26249	0	1	0
48	Atp11c	NM_001037863	212	1	0	1
49	Ripply2	NM_001037907	1814	0	0	1
50	Mex3c	NM_001039214	-136479	0	0	0
51	Slc22a15	NM_001039371	19337	0	0	1
52	Trim46	NM_001039466	943	1	1	0
53	Kif21b	NM_001039472	31195	0	0	1
54	Myh2	NM_001039545	7479	0	0	1
55	1700015E13Rik	NM_001039593	122172	0	0	1
56	Edem3	NM_001039644	124517	0	0	0
57	Pitx2	NM_001042504	3322	0	0	1
58	Blm	NM_001042527	-24825	0	0	0
59	Arrdc4	NM_001042592	-110599	0	0	0
60	Cacna1i	NM_001044308	51579	0	0	1
61	Ap2a1	NM_001077264	-377	1	0	0
62	C77370	NM_001077354	617	1	0	1
63	C77370	NM_001077354	643	1	0	1
64	C77370	NM_001077354	629	1	0	1
65	C77370	NM_001077354	569	1	0	1
66	C77370	NM_001077354	562	1	0	1
67	C77370	NM_001077354	419	1	1	0
68	C77370	NM_001077354	605	1	0	1
69	C77370	NM_001077354	606	1	0	1
70	C77370	NM_001077354	621	1	0	1
71	Cntnap5a	NM_001077425	-1868920	0	0	0
72	Stag2	NM_001077712	515	1	0	1
73	Fgfr1	NM_001079909	28230	0	0	1
74	Hdx	NM_001080549	-198146	0	0	0
75	Gsg1	NM_001080553	-9044	0	0	0
76	Gtf2i	NM_001080746	-18226	0	0	0
77	Gtf2i	NM_001080746	-18189	0	0	0
78	Cps1	NM_001080809	256526	0	0	0
79	Rapgefl1	NM_001080925	-6526	0	0	1
80	B230217C12Rik	NM_001080935	-10135	0	0	1
81	Btbd16	NM_001081038	40227	0	0	1
82	Nhs	NM_001081052	304	1	1	0
83	Ogfrl1	NM_001081079	-8899	0	0	0
84	Phf3	NM_001081080	614735	0	0	0
85	Stim2	NM_001081103	-444	1	0	0
86	Arhgap36	NM_001081123	190	1	1	0
87	Arhgap36	NM_001081123	70	1	1	0
88	Arhgap36	NM_001081123	133	1	1	0
89	Arhgap36	NM_001081123	142	1	1	0
90	Npat	NM_001081152	-157	1	0	0
91	Mdga1	NM_001081160	35373	0	1	0
92	Mdga1	NM_001081160	35396	0	1	0
93	Lama5	NM_001081171	1392	0	0	1
94	Adgrf5	NM_001081178	-55205	0	0	0
95	Uprt	NM_001081189	599	1	0	1
96	Tmem182	NM_001081198	162749	0	0	0
97	Prdm14	NM_001081209	-31346	0	0	1
98	Tshz1	NM_001081300	14200	0	0	1
99	D7Ertd443e	NM_001081331	-121700	0	0	0
100	Sipa1l2	NM_001081337	17624	0	0	1
101	Cped1	NM_001081351	15340	0	0	1
102	Vma21	NM_001081356	-445	1	0	0
103	Ccdc153	NM_001081369	-1515	0	0	0
104	Cep164	NM_001081373	86004	0	1	0
105	Rimbp2	NM_001081388	107060	0	0	1
106	1810013L24Rik	NM_001081400	383375	0	0	0
107	Furin	NM_001081454	-51460	0	0	1
108	Camta1	NM_001081557	296102	0	0	1
109	Pik3r6	NM_001081566	-15290	0	0	1
110	Dact3	NM_001081655	-13689	0	0	1
111	Dytn	NM_001081658	81629	0	0	0
112	Ccdc129	NM_001081665	14700	0	0	1
113	Nup62cl	NM_001081668	70	1	1	0
114	Nup62cl	NM_001081668	249	1	0	1
115	Ptchd2	NM_001083342	31147	0	1	0
116	Tns3	NM_001083587	22578	0	0	1
117	Tns3	NM_001083587	22619	0	0	1
118	Xirp2	NM_001083919	-45971	0	0	0
119	Kif26a	NM_001097621	31671	0	1	0
120	Nr1i2	NM_001098404	89311	0	0	1
121	Grsf1	NM_001098476	33059	0	1	0
122	Tekt5	NM_001099275	10031	0	0	1
123	Ajap1	NM_001099299	538	1	1	0
124	Zfp831	NM_001099328	1127	0	1	0
125	R3hdml	NM_001099331	21323	0	0	1
126	Smim24	NM_001099917	11841	0	1	0
127	Gsg1l	NM_001101488	122201	0	0	1
128	Stx16	NM_001102423	-89126	0	0	0
129	Stx16	NM_001102423	-89105	0	0	0
130	Pcdh19	NM_001105246	738	1	1	0
131	Zfp185	NM_001109043	168	1	1	0
132	Skor2	NM_001109743	15871	0	0	1
133	Banp	NM_001110100	123690	0	0	0
134	Cdca2	NM_001110162	121176	0	0	0
135	Keap1	NM_001110305	11284	0	0	0
136	Sprtn	NM_001111141	14853	0	0	1
137	Synj2	NM_001113351	-16202	0	0	1
138	Ebf3	NM_001113414	16198	0	0	1
139	Sept9	NM_001113487	-1422	0	0	1
140	Sept9	NM_001113487	-15959	0	0	1
141	Sox5	NM_001113559	159386	0	0	1
142	Plcl1	NM_001114663	91893	0	0	1
143	Epha7	NM_001122889	-962097	0	0	0
144	Tfap2a	NM_001122948	79144	0	0	0
145	Psen2	NM_001128605	-7300	0	0	0
146	Srrm1	NM_001130477	-4083	0	0	0
147	Srrm1	NM_001130477	-4097	0	0	0
148	Prr23a1	NM_001134660	-11175	0	0	0
149	3110062M04Rik	NM_001135611	-39	1	0	0
150	P4ha2	NM_001136076	19088	0	0	1
151	Usp51	NM_001137547	629	1	0	1
152	Usp51	NM_001137547	643	1	0	1
153	Lrfn1	NM_001141921	14932	0	1	1
154	Golga7b	NM_001141983	-11532	0	0	0
155	Tcf7l2	NM_001142924	133834	0	0	0
156	Tcf7l2	NM_001142924	102407	0	0	0
157	H2-Q4	NM_001143689	-60	1	0	0
158	C5ar2	NM_001146005	4257	0	0	1
159	C5ar2	NM_001146005	4288	0	0	1
160	Smoc1	NM_001146217	276	1	1	0
161	Ces3b	NM_001159415	15467	0	0	0
162	Meis2	NM_001159569	16948	0	0	1
163	Tfap2c	NM_001159696	109427	0	0	0
164	Sec16b	NM_001159986	14560	0	0	1
165	Cldn10	NM_001160099	-10742	0	0	1
166	Cabp2	NM_001160253	-11477	0	0	0
167	Celf2	NM_001160292	-102154	0	0	1
168	Celf2	NM_001160292	-102177	0	0	1
169	Kif26b	NM_001161665	179134	0	0	1
170	Mgat4c	NM_001162369	1424	0	0	1
171	Ythdc2	NM_001163013	41092	0	0	1
172	Begain	NM_001163175	-47121	0	0	0
173	Clrn2	NM_001163317	9703	0	0	1
174	Atp2a3	NM_001163337	4282	0	0	1
175	Crb2	NM_001163566	570	1	0	1
176	Nhsl2	NM_001163610	-446	1	0	0
177	Dok5	NM_001163686	158373	0	0	0
178	Pik3cd	NM_001164052	15791	0	1	0
179	Nfatc1	NM_001164111	44901	0	0	1
180	Prrg1	NM_001164275	163	1	0	1
181	Kcnk13	NM_001164426	8138	0	0	1
182	Mical1	NM_001164433	4869	0	1	0
183	Irf2bp2	NM_001164598	20325	0	0	0
184	Amigo2	NM_001164602	-114498	0	0	1
185	Amigo2	NM_001164602	-225121	0	0	0
186	Amigo2	NM_001164602	-225136	0	0	0
187	Amigo2	NM_001164602	-137128	0	1	0
188	Fam47c	NM_001164739	-59713	0	0	0
189	Robo3	NM_001164767	-27387	0	0	0
190	Rgs9	NM_001165934	16583	0	0	1
191	AU022751	NM_001166433	181	1	1	0
192	Slc38a1	NM_001166458	-15181	0	0	0
193	Slc38a1	NM_001166458	-15449	0	0	0
194	Fam122b	NM_001166583	28531	0	0	0
195	Mid1ip1	NM_001166635	999	1	1	0
196	Mid1ip1	NM_001166635	959	1	1	0
197	Mid1ip1	NM_001166635	1202	0	1	0
198	Mid1ip1	NM_001166635	984	1	1	0
199	Mid1ip1	NM_001166635	1199	0	1	0
200	Mid1ip1	NM_001166635	1167	0	1	0
201	Ankrd7	NM_001167757	722862	0	0	0
202	Col6a5	NM_001167923	-50256	0	0	1
203	Mapk14	NM_001168513	-279	1	0	1
204	Slc35b3	NM_001170431	-213371	0	0	0
205	Rbm20	NM_001170847	20976	0	0	1
206	Rbm41	NM_001172147	391	1	0	1
207	Gm13547	NM_001177392	-44697	0	0	1
208	Npffr1	NM_001177511	-50403	0	0	1
209	Gm7102	NM_001177513	97267	0	0	1
210	Otub2	NM_001177841	3057	0	0	1
211	Otub2	NM_001177841	3066	0	0	1
212	Otub2	NM_001177841	3030	0	0	1
213	Zmym3	NM_001177986	-11	1	0	1
214	Rhox13	NM_001185002	857	1	1	0
215	Mfrp	NM_001190314	324	1	1	0
216	Dlk1	NM_001190703	42938	0	0	0
217	Jak3	NM_001190830	3560	0	0	1
218	Kif17	NM_001190978	-5020	0	1	0
219	Gm5294	NM_001195128	1099	0	0	1
220	Arhgef2	NM_001198913	12828	0	0	1
221	Apoo	NM_001199338	82	1	1	1
222	Rpl34-ps1	NM_001199350	-97519	0	0	0
223	H60c	NM_001204916	32870	0	0	0
224	Arhgap27	NM_001205236	8302	0	0	1
225	Hk3	NM_001206391	15858	0	1	0
226	Rnf223	NM_001220499	-1250	0	0	0
227	Clcn5	NM_001243762	173	1	1	0
228	Clcn5	NM_001243762	191	1	1	0
229	A630023A22Rik	NM_001251843	-4492	0	0	0
230	Slc6a15	NM_001252330	242119	0	0	0
231	Smad2	NM_001252481	293118	0	0	0
232	Sulf2	NM_001252578	56981	0	0	1
233	Zmynd8	NM_001252587	-43147	0	0	0
234	Cdh23	NM_001252635	103307	0	0	1
235	Tbc1d7	NM_001252639	-40327	0	0	1
236	Ssx2ip	NM_001253770	1889	0	0	1
237	Tet1	NM_001253857	-11103	0	0	0
238	Tet1	NM_001253857	-11124	0	0	0
239	Dnm2	NM_001253893	34057	0	0	1
240	7530416G11Rik	NM_001256072	-4510	0	0	0
241	7530416G11Rik	NM_001256072	-4513	0	0	0
242	7530416G11Rik	NM_001256072	-4507	0	0	0
243	7530416G11Rik	NM_001256072	-4489	0	0	0
244	C330006A16Rik	NM_001256522	697	1	1	0
245	Dpf3	NM_001267625	60231	0	0	1
246	Ankra2	NM_001271388	18613	0	0	0
247	Enox2	NM_001271451	-43700	0	0	0
248	Myh14	NM_001271538	26622	0	0	1
249	Cdc7	NM_001271566	87434	0	0	0
250	Eya2	NM_001271963	7047	0	0	1
251	Chd7	NM_001277149	113839	0	0	1
252	Chd7	NM_001277149	163806	0	1	0
253	Acr	NM_001277247	-20398	0	1	0
254	Acr	NM_001277247	-9912	0	1	0
255	Acr	NM_001277247	-20447	0	1	0
256	Acr	NM_001277247	-9905	0	1	0
257	Acr	NM_001277247	-9909	0	1	0
258	Ank1	NM_001277281	-203	1	0	1
259	Grip1	NM_001277295	-22162	0	0	1
260	Pex5	NM_001277330	4297	0	0	1
261	Pex5	NM_001277330	4284	0	0	1
262	Pex5	NM_001277330	4298	0	0	1
263	Adam10	NM_007399	124767	0	1	0
264	Adcy7	NM_007406	410	1	0	1
265	Abcd1	NM_007435	688	1	1	0
266	Abcd1	NM_007435	640	1	1	0
267	Slc25a5	NM_007451	305	1	0	1
268	Aqp8	NM_007474	-40826	0	0	1
269	Bach1	NM_007520	52481	0	0	0
270	Bach1	NM_007520	52438	0	0	0
271	Bmp2	NM_007553	24577	0	0	0
272	Btg2	NM_007570	-6844	0	0	0
273	Cd37	NM_007645	-2646	0	0	0
274	Cd37	NM_007645	-2696	0	0	0
275	Cdh15	NM_007662	21762	0	0	0
276	Cdx4	NM_007674	244	1	1	0
277	Socs3	NM_007707	19925	0	0	0
278	Socs3	NM_007707	20097	0	0	0
279	Ckm	NM_007710	4089	0	0	1
280	Cox7c	NM_007749	-1081698	0	0	0
281	Csrp1	NM_007791	-15445	0	0	0
282	Cyp17a1	NM_007809	18535	0	1	0
283	Reep5	NM_007874	10529	0	0	1
284	Edn2	NM_007902	-16843	0	0	0
285	Edn2	NM_007902	50676	0	0	0
286	Edn3	NM_007903	-58497	0	0	1
287	Edn3	NM_007903	-58471	0	0	1
288	Edn3	NM_007903	52764	0	0	0
289	Edn3	NM_007903	140931	0	0	0
290	Edn3	NM_007903	114855	0	0	0
291	Ehf	NM_007914	-407	1	0	0
292	Eng	NM_007932	15977	0	0	1
293	Epha8	NM_007939	-8361	0	0	0
294	Stx2	NM_007941	2098	0	0	1
295	Fgd1	NM_008001	451	1	1	0
296	Fgf2	NM_008006	-5430	0	0	0
297	Fgl2	NM_008013	-17017	0	0	1
298	Igfbp7	NM_008048	-175	1	0	0
299	Fzd7	NM_008057	-104591	0	0	0
300	Gata1	NM_008089	-3660	0	0	0
301	Gcm1	NM_008103	-8752	0	0	0
302	Gjb2	NM_008125	20488	0	0	0
303	Gnai2	NM_008138	-8433	0	0	0
304	Gpc4	NM_008150	469	1	0	1
305	Gpc4	NM_008150	530	1	0	1
306	Cmklr1	NM_008153	46746	0	0	0
307	Grin2d	NM_008172	285	1	1	0
308	Grm8	NM_008174	19860	0	0	1
309	Foxj1	NM_008240	-19233	0	0	1
310	Foxj1	NM_008240	-19236	0	0	1
311	Hsd17b3	NM_008291	94910	0	0	0
312	Irf8	NM_008320	11044	0	0	1
313	Il1b	NM_008361	-34002	0	0	0
314	Irf2	NM_008391	112908	0	0	0
315	Kcne1	NM_008424	1946	0	0	1
316	Napsa	NM_008437	246	1	1	0
317	Klf3	NM_008453	-49940	0	0	0
318	Lamb1	NM_008482	37413	0	1	0
319	Lamc2	NM_008485	-5019	0	0	0
320	Lamc2	NM_008485	-5047	0	0	0
321	Lamc2	NM_008485	-5043	0	0	0
322	Lhx5	NM_008499	10069	0	0	0
323	Sh2b3	NM_008507	7728	0	1	0
324	Foxc1	NM_008592	154161	0	0	1
325	Myom2	NM_008664	468270	0	0	0
326	Nfe2	NM_008685	-4095	0	0	0
327	Ngp	NM_008694	21059	0	0	1
328	Nid2	NM_008695	23212	0	0	1
329	Nid2	NM_008695	23193	0	0	1
330	Mycn	NM_008709	-101480	0	0	0
331	Notch1	NM_008714	-22666	0	0	0
332	Npas1	NM_008718	1263	0	1	0
333	Orc2	NM_008765	-29169	0	0	1
334	Pdgfa	NM_008808	16349	0	0	1
335	Pdgfa	NM_008808	16327	0	0	1
336	Pdha1	NM_008810	243	1	0	1
337	Pet2	NM_008821	92094	0	0	0
338	Phka1	NM_008832	-114	1	0	0
339	Prkci	NM_008857	34447	0	0	1
340	Plg	NM_008877	40190	0	0	1
341	Phox2b	NM_008888	2592	0	1	0
342	Ppm1a	NM_008910	-9102	0	0	0
343	Ppm1a	NM_008910	-9145	0	0	0
344	Psmc1	NM_008947	22192	0	1	0
345	Ptgir	NM_008967	3488	0	1	0
346	Nectin2	NM_008990	5121	0	0	1
347	Rcvrn	NM_009038	-47989	0	0	1
348	Rxrg	NM_009107	8948	0	0	1
349	S100b	NM_009115	-5326	0	0	0
350	Sfrp2	NM_009144	-2315	0	0	0
351	Siah1b	NM_009173	134	1	0	1
352	St3gal2	NM_009179	-7694	0	0	0
353	Slc12a2	NM_009194	61484	0	1	0
354	Slc16a2	NM_009197	364	1	1	0
355	Slc16a2	NM_009197	399	1	1	0
356	Slc16a2	NM_009197	382	1	1	0
357	Sox1	NM_009233	1251	0	1	1
358	Tac1	NM_009311	59111	0	0	0
359	Tff1	NM_009362	4287	0	0	0
360	Thrb	NM_009380	103439	0	0	0
361	Usp9x	NM_009481	64	1	1	0
362	Vamp3	NM_009498	-233036	0	0	1
363	Wnt11	NM_009519	-3577	0	0	0
364	Wnt11	NM_009519	-3580	0	0	0
365	Wnt5b	NM_009525	12677	0	0	1
366	Xrcc1	NM_009532	690	1	1	0
367	Xrcc1	NM_009532	681	1	1	0
368	Xrcc5	NM_009533	72504	0	0	1
369	Xrcc5	NM_009533	72520	0	0	1
370	Plagl1	NM_009538	56	1	1	0
371	Zbtb17	NM_009541	13221	0	0	1
372	Zfp64	NM_009564	23836	0	0	1
373	Zic3	NM_009575	201817	0	0	0
374	Zic3	NM_009575	1391	0	1	0
375	Anp32a	NM_009672	80176	0	0	1
376	Ap3b1	NM_009680	78808	0	0	1
377	Atp7a	NM_009726	-156	1	0	0
378	Bfsp1	NM_009751	468	1	1	0
379	Car2	NM_009801	1659	0	0	1
380	Car2	NM_009801	1686	0	0	1
381	Casp14	NM_009809	-231	1	0	0
382	Casq2	NM_009814	48394	0	0	1
383	Noct	NM_009834	-15072	0	0	0
384	Entpd1	NM_009848	3961	0	0	1
385	Entpd1	NM_009848	3971	0	0	1
386	Cd83	NM_009856	85907	0	0	0
387	Cdh10	NM_009865	298098	0	0	0
388	Celsr1	NM_009886	54899	0	1	0
389	Ccr4	NM_009916	-13425	0	0	0
390	Cnr2	NM_009924	2936	0	0	1
391	Col11a2	NM_009926	17868	0	1	0
392	Igf2bp1	NM_009951	162	1	1	0
393	Cyp46a1	NM_010010	34677	0	0	0
394	Dct	NM_010024	147862	0	0	1
395	Dlx6	NM_010057	-7681	0	0	1
396	S1pr3	NM_010101	-15645	0	0	0
397	S1pr4	NM_010102	523	1	1	0
398	S1pr4	NM_010102	899	1	1	0
399	Efnb1	NM_010110	1343	0	0	1
400	Efnb1	NM_010110	1348	0	0	1
401	En1	NM_010133	-48516	0	0	0
402	Epha2	NM_010139	20424	0	0	1
403	Epha7	NM_010141	303751	0	0	0
404	Ephb2	NM_010142	5807	0	0	1
405	Ext1	NM_010162	49396	0	0	1
406	Aktip	NM_010241	-40874	0	0	0
407	Fut4	NM_010242	846	1	1	0
408	Fut9	NM_010243	130607	0	0	1
409	Fzd9	NM_010246	-7484	0	0	0
410	Gnb2	NM_010312	188	1	0	1
411	Gng4	NM_010317	-9437	0	0	1
412	Emb	NM_010330	-43360	0	0	0
413	Emb	NM_010330	-43326	0	0	0
414	Emb	NM_010330	-43319	0	0	0
415	Gpr50	NM_010340	-1749	0	0	0
416	Gsr	NM_010344	-849	1	0	0
417	Gsr	NM_010344	13095	0	0	1
418	Gsr	NM_010344	-825	1	0	0
419	Hap1	NM_010404	168	1	1	0
420	Hey1	NM_010423	-50749	0	0	0
421	Hmx1	NM_010445	-12685	0	0	0
422	Hoxa2	NM_010451	-3933	0	0	0
423	Hoxa2	NM_010451	-3939	0	0	0
424	Hoxa2	NM_010451	-3963	0	0	0
425	Hoxa2	NM_010451	-3985	0	0	0
426	Hoxa2	NM_010451	-3943	0	0	0
427	Hoxa6	NM_010454	349	1	1	1
428	Igf1r	NM_010513	18869	0	0	1
429	Cyr61	NM_010516	-53676	0	0	0
430	Ihh	NM_010544	3244	0	1	0
431	Il10	NM_010548	-16230	0	0	0
432	Il16	NM_010551	12871	0	1	0
433	Il6ra	NM_010559	221	1	0	1
434	Jund	NM_010592	-3885	0	0	0
435	Kap	NM_010594	15227	0	0	0
436	Klf12	NM_010636	-158728	0	0	0
437	Kpna2	NM_010655	-13133	0	0	0
438	Krt27	NM_010666	-4596	0	0	0
439	Lef1	NM_010703	-74369	0	0	0
440	Lmx1b	NM_010725	75885	0	1	0
441	Mpdz	NM_010820	264902	0	0	0
442	Cited2	NM_010828	-194118	0	0	0
443	Ncf1	NM_010876	3996	0	0	1
444	Ncf1	NM_010876	3950	0	1	0
445	Ndp	NM_010883	-39259	0	0	0
446	Neurog1	NM_010896	29623	0	0	0
447	Nefl	NM_010910	-34438	0	0	0
448	Oit3	NM_010959	2834	0	0	1
449	Pax9	NM_011041	129027	0	0	1
450	Phf2	NM_011078	38817	0	1	0
451	Prkce	NM_011104	48545	0	0	1
452	Plaur	NM_011113	4331	0	0	1
453	Ppard	NM_011145	-6846	0	1	0
454	Cyth3	NM_011182	-33214	0	0	0
455	Pstpip1	NM_011193	7925	0	0	1
456	Ptpn1	NM_011201	-192	1	0	0
457	Rad51	NM_011234	145	1	1	0
458	Rnf7	NM_011279	14025	0	0	0
459	Sub1	NM_011294	675	1	0	1
460	Scn8a	NM_011323	50295	0	0	1
461	Spi1	NM_011355	326	1	0	1
462	Spi1	NM_011355	350	1	0	1
463	Spi1	NM_011355	386	1	0	1
464	St6galnac4	NM_011373	720	1	0	1
465	Six2	NM_011380	-3669	0	0	0
466	Ncor2	NM_011424	69610	0	0	1
467	Sstr5	NM_011425	8705	0	0	0
468	Sod3	NM_011435	19204	0	0	1
469	Sox9	NM_011448	126670	0	0	0
470	Spint2	NM_011464	1840	0	0	1
471	Syk	NM_011518	42847	0	0	1
472	Tbxas1	NM_011539	51893	0	0	1
473	Tsn	NM_011650	237803	0	0	0
474	Usp12	NM_011669	11849	0	0	1
475	Vwf	NM_011708	50897	0	0	1
476	Dctn6	NM_011722	13497	0	0	1
477	Dctn6	NM_011722	13498	0	0	1
478	Mkrn3	NM_011746	-149	1	0	0
479	Zfp90	NM_011764	20120	0	0	0
480	Zfx	NM_011768	701	1	0	1
481	Zfx	NM_011768	912	1	0	1
482	Zfx	NM_011768	474	1	0	1
483	Cdc6	NM_011799	1172	0	0	1
484	Esyt1	NM_011843	-993	1	0	0
485	Tenm1	NM_011855	-155522	0	0	0
486	Spry1	NM_011896	-26180	0	0	0
487	Spry4	NM_011898	-42521	0	0	0
488	Psmb3	NM_011971	15375	0	1	0
489	Psmb3	NM_011971	15382	0	1	0
490	Psmb3	NM_011971	14757	0	1	0
491	Etv3	NM_012051	-25278	0	1	0
492	Rps3	NM_012052	270	1	0	1
493	Srp9	NM_012058	-9841	0	0	0
494	Btk	NM_013482	-545	1	0	0
495	Lifr	NM_013584	10302	0	0	1
496	Lifr	NM_013584	10279	0	0	1
497	Srsf3	NM_013663	-7441	0	0	0
498	Klf10	NM_013692	-71952	0	0	0
499	Txk	NM_013698	11	1	1	1
500	Fgd2	NM_013710	37972	0	0	0
501	Nrk	NM_013724	-74	1	0	0
502	Phlda3	NM_013750	-10483	0	0	0
503	Csnk1e	NM_013767	15756	0	1	0
504	Plcb4	NM_013829	-25948	0	0	0
505	Ror1	NM_013845	80107	0	0	1
506	Tpk1	NM_013861	-254475	0	0	0
507	Kdm2b	NM_013910	-30304	0	0	1
508	Hnf4g	NM_013920	-382613	0	0	0
509	Gbx1	NM_015739	736	1	1	0
510	Myo9b	NM_015742	23873	0	0	1
511	Atp8a2	NM_015803	166513	0	0	1
512	Pbx3	NM_016768	-18699	0	0	0
513	Smad3	NM_016769	17635	0	0	1
514	Ech1	NM_016772	2748	0	0	1
515	Tpmt	NM_016785	61	1	1	0
516	Chst3	NM_016803	35568	0	1	0
517	Atxn10	NM_016843	-21837	0	0	0
518	Insm1	NM_016889	-817	1	0	0
519	Mtmr1	NM_016985	184	1	1	0
520	Mtmr1	NM_016985	384	1	0	1
521	Mtmr1	NM_016985	233	1	1	0
522	Rab11a	NM_017382	64414	0	0	1
523	Cntn6	NM_017383	214644	0	0	1
524	Ddx20	NM_017397	-81	1	0	0
525	Kat6b	NM_017479	944	1	0	1
526	Zfp326	NM_018759	101851	0	0	0
527	Ubqln2	NM_018798	129	1	1	0
528	Abhd2	NM_018811	30405	0	0	1
529	Sgsh	NM_018822	4449	0	0	1
530	Sh2b2	NM_018825	-43562	0	0	1
531	Pebp1	NM_018858	56343	0	0	1
532	Irx4	NM_018885	87	1	1	0
533	Robo1	NM_019413	335098	0	0	1
534	Epb41l4b	NM_019427	59814	0	0	1
535	Panx1	NM_019482	37788	0	1	0
536	Ammecr1	NM_019496	539	1	0	1
537	Ammecr1	NM_019496	134	1	1	0
538	Ammecr1	NM_019496	514	1	1	0
539	Ammecr1	NM_019496	513	1	1	0
540	Cldn14	NM_019500	62	1	1	0
541	Uchl5	NM_019562	97	1	1	0
542	Uchl5	NM_019562	86	1	1	0
543	Uchl5	NM_019562	84	1	1	0
544	Uchl5	NM_019562	102	1	1	0
545	Uchl5	NM_019562	77	1	1	0
546	Fscn3	NM_019569	-1339	0	0	0
547	Syncrip	NM_019666	-556	1	0	0
548	Ube2a	NM_019668	438	1	0	1
549	Ube2a	NM_019668	491	1	0	1
550	Elf4	NM_019680	20	1	1	0
551	Elf4	NM_019680	9788	0	0	1
552	Kcnd2	NM_019697	-664733	0	0	0
553	Htra2	NM_019752	3050	0	1	0
554	Snd1	NM_019776	138826	0	0	1
555	Ikbke	NM_019777	4259	0	0	1
556	Tbk1	NM_019786	150	1	0	1
557	Tbk1	NM_019786	-4376	0	0	1
558	Trpc4ap	NM_019828	118	1	1	0
559	B4galt5	NM_019835	-23151	0	0	0
560	Tlx3	NM_019916	274	1	1	0
561	Gpr132	NM_019925	-5720	0	0	0
562	Pmfbp1	NM_019938	-24837	0	0	0
563	Litaf	NM_019980	-5082	0	0	0
564	Rabgef1	NM_019983	-1839	0	0	1
565	Pnkd	NM_019999	8073	0	0	1
566	B3galt2	NM_020025	-1137945	0	0	0
567	Zbtb33	NM_020256	-9715	0	0	0
568	Ank	NM_020332	62332	0	0	1
569	Xpo4	NM_020506	-31285	0	1	0
570	Srd5a3	NM_020611	-60429	0	0	0
571	Kit	NM_021099	3973	0	0	1
572	Kit	NM_021099	4011	0	0	1
573	Tmsb4x	NM_021278	63143	0	0	0
574	Sec61a2	NM_021305	-10839	0	0	1
575	Htr6	NM_021358	-672	1	0	0
576	Caln1	NM_021371	293537	0	0	1
577	Shank3	NM_021423	23815	0	0	1
578	Shank3	NM_021423	23825	0	0	1
579	Shank3	NM_021423	23829	0	0	1
580	Shank3	NM_021423	23819	0	0	1
581	Shank3	NM_021423	23847	0	0	1
582	Shank3	NM_021423	23822	0	0	1
583	Shank3	NM_021423	23861	0	0	1
584	Pmaip1	NM_021451	9583	0	0	0
585	Anapc5	NM_021505	19258	0	0	1
586	Bhlhe22	NM_021560	1373	0	1	0
587	Chst7	NM_021715	515	1	1	0
588	Nrip2	NM_021717	888	1	0	1
589	Smoc1	NM_022316	-7613	0	0	0
590	Ireb2	NM_022655	358	1	0	1
591	Lpin2	NM_022882	-50736	0	0	0
592	Lpin2	NM_022882	-50711	0	0	0
593	Slc30a5	NM_022885	-116914	0	0	0
594	Lpar3	NM_022983	53446	0	0	1
595	Pmepa1	NM_022995	-2666	0	0	0
596	Sdhb	NM_023374	10765	0	0	1
597	Cad	NM_023525	12287	0	1	0
598	Muc2	NM_023566	-1968	0	0	0
599	Trim29	NM_023655	127959	0	0	0
600	Ssbp3	NM_023672	-30118	0	0	0
601	4930550L24Rik	NM_023774	-390005	0	0	0
602	Slco3a1	NM_023908	264203	0	0	1
603	Arl2bp	NM_024269	6071	0	1	0
604	Ssbp2	NM_024272	610	1	0	1
605	1500015O10Rik	NM_024283	-40734	0	0	0
606	Morf4l1	NM_024431	29844	0	0	0
607	Btd	NM_025295	19683	0	0	1
608	Tmem57	NM_025382	95	1	1	0
609	Arl4d	NM_025404	7457	0	0	0
610	Nenf	NM_025424	21290	0	0	0
611	Gmpr	NM_025508	38573	0	1	0
612	Gmpr	NM_025508	38781	0	1	0
613	Tceanc2	NM_025617	25017	0	0	1
614	Pomp	NM_025624	-65333	0	0	0
615	Zwint	NM_025635	50062	0	0	0
616	Mis18a	NM_025642	111843	0	0	0
617	Tab3	NM_025729	-177	1	0	0
618	Tab3	NM_025729	-138	1	0	0
619	Tab3	NM_025729	-134	1	0	0
620	Tab3	NM_025729	-147	1	0	0
621	Tab3	NM_025729	-135	1	0	0
622	Asb17	NM_025758	-24283	0	0	0
623	Thap2	NM_025780	-144	1	0	0
624	Proz	NM_025834	836	1	0	1
625	Tmem261	NM_025849	-1011286	0	0	1
626	Fam210b	NM_025912	9381	0	1	0
627	Srfbp1	NM_026040	19	1	1	0
628	Srfbp1	NM_026040	33	1	1	0
629	Srfbp1	NM_026040	51	1	1	0
630	Srfbp1	NM_026040	10	1	1	0
631	Eri1	NM_026067	-36660	0	0	0
632	Ccdc53	NM_026070	48543	0	0	0
633	Fam132a	NM_026125	6567	0	0	0
634	Gramd3	NM_026240	50394	0	0	1
635	Gramd3	NM_026240	50387	0	0	1
636	4930519G04Rik	NM_026263	-8359	0	0	0
637	Necap1	NM_026267	74	1	1	0
638	Dusp6	NM_026268	7590	0	0	0
639	Dusp6	NM_026268	57870	0	0	0
640	Dusp6	NM_026268	-12108	0	0	0
641	Tm7sf3	NM_026281	524	1	0	1
642	Tm7sf3	NM_026281	21276	0	0	1
643	Armc12	NM_026290	8083	0	1	0
644	Rgs8	NM_026380	-10774	0	0	0
645	Dgat2	NM_026384	18735	0	0	1
646	Snx2	NM_026386	3524	0	0	1
647	Pop5	NM_026398	-612	1	0	0
648	Saraf	NM_026432	162460	0	0	0
649	Ccdc80	NM_026439	2219	0	1	0
650	Grhl2	NM_026496	-112173	0	0	0
651	Cdc42ep3	NM_026514	20134	0	1	0
652	2700060E02Rik	NM_026528	-51663	0	1	0
653	Bcas2	NM_026602	47519	0	0	0
654	Fam135a	NM_026604	-7902	0	0	0
655	Zdhhc21	NM_026647	173562	0	0	0
656	Prps2	NM_026662	-54579	0	0	0
657	Prps2	NM_026662	479	1	0	1
658	Tmem174	NM_026685	58514	0	0	0
659	Med27	NM_026896	135150	0	0	1
660	Comtd1	NM_026965	-3428	0	0	0
661	1700008P02Rik	NM_027048	-200809	0	0	0
662	Avpi1	NM_027106	1893	0	0	1
663	Casz1	NM_027195	114955	0	0	1
664	Ube2q1	NM_027315	94	1	1	0
665	Ube2q1	NM_027315	26031	0	0	0
666	Steap1	NM_027399	-678707	0	0	0
667	Cpm	NM_027468	29332	0	0	1
668	Ecd	NM_027475	19413	0	1	0
669	4933405L10Rik	NM_027655	19387	0	0	1
670	Hsfy2	NM_027661	-44388	0	0	0
671	Iqgap2	NM_027711	-100	1	0	0
672	Dhrs2	NM_027790	-52309	0	0	0
673	Izumo4	NM_027829	-159	1	0	0
674	Isx	NM_027837	-301176	0	0	0
675	Armcx3	NM_027870	447	1	0	1
676	Ppp1r12a	NM_027892	-72365	0	0	0
677	Ddi1	NM_027942	-184893	0	0	0
678	Cfap45	NM_027972	8786	0	1	0
679	Lypd6b	NM_027990	85322	0	0	1
680	Prr23a3	NM_028033	-105	1	0	0
681	Cnn3	NM_028044	-47318	0	0	0
682	Fundc1	NM_028058	-93037	0	0	0
683	Fundc1	NM_028058	-93033	0	0	0
684	Trmu	NM_028063	68481	0	0	1
685	Tmem68	NM_028097	161046	0	0	0
686	Adpgk	NM_028121	-97318	0	0	0
687	Adpgk	NM_028121	-68792	0	0	0
688	Frmd6	NM_028127	-75626	0	0	0
689	1700021F07Rik	NM_028158	2183	0	0	1
690	Col16a1	NM_028266	20660	0	1	0
691	Cul4b	NM_028288	11264	0	1	0
692	Zfp618	NM_028326	-142733	0	0	0
693	Ccser2	NM_028407	15069	0	0	1
694	Ttc9b	NM_028417	9335	0	1	0
695	Vgll3	NM_028572	-190	1	0	0
696	Lmntd1	NM_028742	-44361	0	0	0
697	Tmem43	NM_028766	20085	0	0	1
698	Sash3	NM_028773	-6322	0	0	0
699	1700017B05Rik	NM_028820	8715	0	1	0
700	Snx19	NM_028874	10152	0	1	0
701	Tc2n	NM_028924	31858	0	0	1
702	Nipal3	NM_028995	9111	0	0	1
703	Sepn1	NM_029100	-3184	0	0	0
704	Sv2c	NM_029210	21643	0	0	1
705	Dynlrb2	NM_029297	-21270	0	0	0
706	Dynlrb2	NM_029297	-185354	0	0	0
707	Stpg4	NM_029298	51993	0	0	1
708	Apol7a	NM_029419	41988	0	0	0
709	Dcstamp	NM_029422	24884	0	0	1
710	Adad2	NM_029428	-95	1	0	0
711	Bcor	NM_029510	81237	0	0	0
712	Bcor	NM_029510	296822	0	0	0
713	0610040J01Rik	NM_029554	17320	0	0	1
714	Prss23	NM_029614	-9732	0	0	0
715	Il34	NM_029646	18	1	1	0
716	Mfsd2a	NM_029662	35305	0	0	0
717	2410124H12Rik	NM_029740	-3248	0	0	0
718	Dok5	NM_029761	-35316	0	0	0
719	Unc5b	NM_029770	-49547	0	0	0
720	Lrg1	NM_029796	1711	0	1	0
721	2610028H24Rik	NM_029816	-1463	0	0	0
722	Lcn12	NM_029958	2655	0	0	1
723	A930009A15Rik	NM_029982	-13507	0	0	1
724	Pigh	NM_029988	23946	0	1	0
725	Crispld2	NM_030209	22122	0	0	1
726	Smim12	NM_030252	20068	0	0	0
727	Tusc3	NM_030254	-68351	0	0	0
728	Fgf16	NM_030614	573	1	0	1
729	Fgf16	NM_030614	554	1	0	1
730	Fgf16	NM_030614	545	1	0	1
731	Hcar2	NM_030701	10860	0	0	0
732	Syt13	NM_030725	-64355	0	0	0
733	Sf3b1	NM_031179	322	1	0	1
734	Tfec	NM_031198	101396	0	0	0
735	Pik3ap1	NM_031376	37058	0	0	1
736	Dock2	NM_033374	253	1	0	1
737	Dock2	NM_033374	278	1	0	1
738	Spred2	NM_033523	-392921	0	0	0
739	Pard3	NM_033620	-38494	0	0	0
740	Lmx1a	NM_033652	222045	0	0	0
741	Lrp1b	NM_053011	-20815	0	0	0
742	Atg5	NM_053069	385	1	0	1
743	Lmod1	NM_053106	336	1	1	0
744	Foxp2	NM_053242	-1422	0	0	0
745	Foxp2	NM_053242	-45203	0	0	0
746	Dhcr24	NM_053272	25250	0	0	1
747	Rapgef1	NM_054050	-48964	0	0	0
748	Pawr	NM_054056	89068	0	0	0
749	Tshz2	NM_080455	149306	0	0	1
750	Tshz2	NM_080455	-118039	0	0	0
751	Sh3bgrl3	NM_080559	5249	0	1	0
752	Emid1	NM_080595	-33754	0	0	0
753	Timp4	NM_080639	-21819	0	0	1
754	Cyp4f13	NM_130882	-4373	0	1	0
755	Scn4a	NM_133199	8263	0	0	1
756	Khdrbs2	NM_133235	-10405	0	0	0
757	Pold3	NM_133692	-15639	0	0	0
758	Errfi1	NM_133753	23644	0	0	0
759	D1Ertd622e	NM_133825	-137	1	0	0
760	D1Ertd622e	NM_133825	649	1	0	1
761	Gltscr2	NM_133831	209	1	1	0
762	C8b	NM_133882	-124992	0	0	1
763	Lrrc8c	NM_133897	47670	0	0	1
764	Pxn	NM_133915	8818	0	0	1
765	Pxn	NM_133915	8790	0	0	1
766	Pxn	NM_133915	8709	0	0	1
767	Plekha1	NM_133942	162	1	0	1
768	Usb1	NM_133954	8981	0	0	1
769	Cd276	NM_133983	3501	0	1	0
770	Hemk1	NM_133984	11598	0	0	0
771	Il13ra1	NM_133990	230	1	0	1
772	Nt5m	NM_134029	44047	0	0	0
773	Fam19a5	NM_134096	-401	1	0	1
774	Ildr1	NM_134109	15644	0	0	1
775	Ildr1	NM_134109	15029	0	0	1
776	Kctd1	NM_134112	-24568	0	0	0
777	Actn1	NM_134156	52400	0	0	1
778	Mbnl3	NM_134163	853	1	0	1
779	Mbnl3	NM_134163	818	1	0	1
780	Vmn1r-ps103	NM_134211	-5802	0	0	0
781	Otud5	NM_138604	614	1	1	0
782	Dgkg	NM_138650	84716	0	0	1
783	Dgkg	NM_138650	84631	0	1	0
784	Lrrc4	NM_138682	321	1	1	1
785	Rassf3	NM_138956	-30158	0	0	0
786	Cytip	NM_139200	26142	0	1	0
787	Defb7	NM_139220	40396	0	0	0
788	Galnt2	NM_139272	46798	0	0	1
789	Trib2	NM_144551	-369330	0	0	0
790	Trib2	NM_144551	-369350	0	0	0
791	Plekha5	NM_144920	-127724	0	0	0
792	Spsb4	NM_145134	62057	0	0	1
793	Mgl2	NM_145137	9210	0	0	0
794	Wbscr17	NM_145218	-251159	0	0	1
795	Slc44a3	NM_145394	256	1	0	1
796	Prmt7	NM_145404	59319	0	0	1
797	Abhd17a	NM_145421	6308	0	1	0
798	Shisa2	NM_145463	80554	0	0	1
799	Shisa2	NM_145463	80543	0	0	1
800	Zfp521	NM_145492	317525	0	0	0
801	Mrps35	NM_145573	12324	0	0	1
802	Sbk1	NM_145587	729	1	0	1
803	Sbk1	NM_145587	19625	0	1	0
804	Sbk1	NM_145587	19767	0	1	0
805	Sbk1	NM_145587	19816	0	1	0
806	Sbk1	NM_145587	19829	0	1	0
807	Sbk1	NM_145587	19843	0	1	0
808	Sbk1	NM_145587	19774	0	1	0
809	Sbk1	NM_145587	19860	0	1	0
810	Sbk1	NM_145587	19862	0	1	0
811	Sbk1	NM_145587	19973	0	1	0
812	Sbk1	NM_145587	19855	0	1	0
813	Sbk1	NM_145587	20107	0	1	0
814	Sbk1	NM_145587	20105	0	1	0
815	Evc2	NM_145920	80860	0	0	1
816	Enox2	NM_145951	80	1	1	0
817	Enox2	NM_145951	100	1	1	1
818	Enox2	NM_145951	64	1	1	0
819	Arhgap9	NM_146011	3228	0	1	0
820	Gltpd2	NM_146020	1254	0	1	0
821	Lrrc3b	NM_146052	-121192	0	0	0
822	Prr5	NM_146061	-26888	0	0	0
823	Cacnb4	NM_146123	35067	0	0	1
824	Ipo13	NM_146152	-117	1	0	0
825	Tspan33	NM_146173	1987	0	0	1
826	Kctd15	NM_146188	-40095	0	0	1
827	Armc5	NM_146205	-278	1	1	0
828	Mmgt1	NM_146234	-14	1	0	0
829	Mmgt1	NM_146234	-11	1	0	0
830	Olfr1394	NM_146276	10562	0	0	1
831	Olfr1370	NM_146535	18434	0	0	0
832	Olfr340	NM_146951	10979	0	0	0
833	Gipc3	NM_148951	2067	0	1	0
834	Cdc5l	NM_152810	76945	0	0	0
835	Mkl1	NM_153049	-37294	0	0	1
836	Prss42	NM_153099	-15476	0	0	0
837	Padi6	NM_153106	20372	0	1	0
838	9530068E07Rik	NM_153117	107520	0	0	0
839	Slc35e4	NM_153142	2215	0	0	1
840	Mical3	NM_153396	36316	0	0	1
841	Syne1	NM_153399	4614	0	0	1
842	Syne1	NM_153399	35786	0	0	1
843	Ankrd23	NM_153502	-5179	0	0	1
844	Kcng3	NM_153512	695	1	1	0
845	Tns2	NM_153533	15272	0	0	1
846	Phldb1	NM_153537	26830	0	0	1
847	Aldh1l2	NM_153543	79432	0	0	0
848	Mboat1	NM_153546	-13392	0	0	0
849	Mboat1	NM_153546	45414	0	0	1
850	Katnal1	NM_153572	7290	0	1	0
851	Atg4d	NM_153583	44	1	1	0
852	Nars2	NM_153591	-43437	0	1	0
853	Snx17	NM_153680	496	1	0	1
854	Dnmt3a	NM_153743	26310	0	0	0
855	Scarf2	NM_153790	6506	0	1	0
856	Cpne7	NM_170684	13983	0	0	1
857	Vps18	NM_172269	8612	0	1	0
858	Nup133	NM_172288	-9149	0	0	1
859	Mbtps2	NM_172307	-243	1	0	0
860	Tmem125	NM_172383	-11006	0	1	0
861	Rap2c	NM_172413	-899	1	0	0
862	Rap2c	NM_172413	-909	1	0	0
863	Smndc1	NM_172429	-14312	0	0	0
864	Smndc1	NM_172429	-14340	0	0	0
865	Tbc1d25	NM_172478	29	1	1	0
866	Prrt3	NM_172487	6510	0	1	0
867	Diaph2	NM_172493	537547	0	0	1
868	Diaph2	NM_172493	1125570	0	0	0
869	Nhlrc3	NM_172501	10689	0	1	0
870	Arhgef19	NM_172520	4104	0	1	0
871	Rhbdf2	NM_172572	-11553	0	0	0
872	Arl15	NM_172595	21336	0	0	1
873	Mpped1	NM_172610	-13531	0	0	0
874	Sh3tc2	NM_172628	-1117	0	0	0
875	Mapk4	NM_172632	900	1	0	1
876	Kctd3	NM_172650	104283	0	0	1
877	Prrc2b	NM_172661	440	1	0	1
878	Tlk1	NM_172664	-13420	0	0	0
879	Sdad1	NM_172713	-8918	0	0	0
880	Mtmr10	NM_172742	-72	1	0	0
881	Dmxl2	NM_172771	-1451	0	0	0
882	Nxt2	NM_172782	115	1	1	0
883	Sh3rf3	NM_172788	-3675	0	0	0
884	Malt1	NM_172833	74527	0	0	0
885	Fmo9	NM_172844	-152569	0	0	0
886	Ttc34	NM_172878	-53926	0	0	0
887	Man2a2	NM_172903	30	1	1	0
888	D8Ertd82e	NM_172911	-75672	0	0	0
889	D8Ertd82e	NM_172911	9109	0	1	0
890	D8Ertd82e	NM_172911	69140	0	0	0
891	D8Ertd82e	NM_172911	-75698	0	0	0
892	Abcc12	NM_172912	334466	0	0	0
893	Rbbp8nl	NM_173031	217	1	0	1
894	Tbcel	NM_173038	35080	0	1	0
895	Tbcel	NM_173038	15582	0	0	1
896	Fam110b	NM_173426	119068	0	0	1
897	Fam110b	NM_173426	119078	0	0	1
898	Nrip1	NM_173440	-306924	0	0	0
899	Rccd1	NM_173445	-1765	0	0	1
900	Galnt18	NM_173739	85257	0	0	1
901	Tdrp	NM_173744	42	1	1	0
902	Slc45a1	NM_173774	-24088	0	0	0
903	Klf8	NM_173780	121807	0	0	1
904	Ticam1	NM_174989	-4813	0	1	0
905	Adnp2	NM_175028	38809	0	0	1
906	Stbd1	NM_175096	-188	1	0	0
907	Stox2	NM_175162	-33238	0	0	0
908	Amer1	NM_175179	53	1	1	0
909	Fam53b	NM_175268	60185	0	0	1
910	Fam53b	NM_175268	60182	0	0	1
911	Fam53b	NM_175268	60217	0	0	1
912	Rassf10	NM_175279	354	1	1	0
913	Nlrp4f	NM_175290	-36450	0	0	0
914	Fam46b	NM_175307	-53011	0	0	0
915	Ano6	NM_175344	39280	0	0	1
916	Ano6	NM_175344	39279	0	0	1
917	Exoc6	NM_175353	-54645	0	0	0
918	Exoc6	NM_175353	26587	0	1	0
919	Zmat1	NM_175446	337	1	0	1
920	Wdr18	NM_175450	-11581	0	0	1
921	Wdr18	NM_175450	-13309	0	0	1
922	Wdr18	NM_175450	-13263	0	0	1
923	Arhgap25	NM_175476	211	1	1	0
924	Elfn1	NM_175522	118374	0	0	1
925	Xylt1	NM_175645	316942	0	0	0
926	Hist1h2ba	NM_175663	2813	0	0	0
927	P3h4	NM_176830	634	1	1	0
928	Fam76b	NM_176836	141335	0	0	0
929	Fbxo2	NM_176848	32422	0	0	0
930	Dusp4	NM_176933	-79760	0	0	0
931	6430573F11Rik	NM_176952	-112793	0	0	0
932	C130050O18Rik	NM_177000	2105	0	0	1
933	Rinl	NM_177158	6887	0	0	1
934	Dmrt3	NM_177360	13460	0	0	0
935	Tnfsf15	NM_177371	3080	0	0	1
936	Plcb2	NM_177568	4643	0	1	0
937	Secisbp2l	NM_177608	-10159	0	0	0
938	Psd4	NM_177611	1133	0	0	1
939	F830045P16Rik	NM_177653	-10132	0	0	0
940	Zfp637	NM_177684	-20906	0	0	0
941	Zfp507	NM_177739	-393325	0	0	0
942	Zfp711	NM_177747	559	1	0	1
943	Ccdc60	NM_177759	95647	0	0	1
944	Smtnl2	NM_177776	15010	0	0	1
945	Smtnl2	NM_177776	14993	0	0	1
946	Prex1	NM_177782	66820	0	1	0
947	Fam163a	NM_177838	183	1	1	0
948	Vps37b	NM_177876	5690	0	0	1
949	Vps37b	NM_177876	5663	0	0	1
950	Sdk1	NM_177879	-99532	0	0	0
951	Piwil4	NM_177905	37492	0	0	1
952	Pigk	NM_178016	-7784	0	0	0
953	Aifm2	NM_178058	-4418	0	0	0
954	Arel1	NM_178065	689	1	0	1
955	Prkaa2	NM_178143	-2191	0	0	0
956	E2f7	NM_178609	-49986	0	0	0
957	Sccpdh	NM_178653	41145	0	0	0
958	Ubxn10	NM_178671	48772	0	0	0
959	Zfp365	NM_178679	120904	0	0	0
960	Zfp365	NM_178679	3148	0	1	0
961	Prr18	NM_178774	433	1	1	0
962	Bcorl1	NM_178782	3569	0	0	1
963	Gins2	NM_178856	16378	0	1	0
964	Tmem56	NM_178936	21035	0	0	1
965	Trappc9	NM_180662	-35	1	0	0
966	Cmbl	NM_181588	-174	1	0	0
967	Cmbl	NM_181588	-137	1	0	0
968	Raver2	NM_183024	-74225	0	1	0
969	Zfp516	NM_183033	-38724	0	0	0
970	Zfp516	NM_183033	-38714	0	0	0
971	4931429L15Rik	NM_183104	-123451	0	0	0
972	Elfn2	NM_183141	46118	0	1	0
973	Usp24	NM_183225	19052	0	0	1
974	Coa4	NM_183270	2055	0	1	0
975	Dhrs13	NM_183286	354	1	1	0
976	Glra2	NM_183427	140465	0	0	1
977	Foxo6	NM_194060	20062	0	1	0
978	Foxo6	NM_194060	20060	0	1	0
979	Foxo6	NM_194060	20057	0	1	0
980	Foxo6	NM_194060	20098	0	1	0
981	Bms1	NM_194339	68977	0	0	0
982	Tspan15	NM_197996	43911	0	1	0
983	Tbkbp1	NM_198100	3004	0	0	1
984	Lrrc24	NM_198119	3787	0	1	0
985	Bhlhb9	NM_198161	355	1	0	1
986	Rai2	NM_198409	190867	0	0	1
987	Cdh26	NM_198656	236439	0	0	0
988	Stpg2	NM_198659	894976	0	0	0
989	Dpp10	NM_199021	1120010	0	0	0
990	BC051665	NM_199148	89168	0	0	1
991	Kcnk12	NM_199251	22637	0	0	1
992	Jade3	NM_199317	-34374	0	0	0
993	Gnas	NM_201617	2064	0	1	1
994	Gnas	NM_201617	2073	0	1	1
995	Gnas	NM_201617	2076	0	1	1
996	Chrm2	NM_203491	-97990	0	0	0
997	Cebpe	NM_207131	168	1	1	0
998	Tes	NM_207176	-65403	0	0	0
999	Tes	NM_207176	-65364	0	0	0
1000	Acap3	NM_207223	14313	0	1	0
1001	Acap3	NM_207223	11554	0	1	0
1002	Man1c1	NM_207237	70737	0	0	1
1003	Zfp532	NM_207255	21000	0	0	1
1004	Tdpoz4	NM_207272	-47100	0	0	0
1005	Osbpl1a	NM_207530	968	1	0	1
1006	Yipf6	NM_207633	561	1	0	1
1007	Pla2g2a	NR_002926	-4288	0	0	1
1008	Neat1	NR_003513	-8273	0	0	1
1009	H2afy3	NR_003523	38088	0	0	1
1010	Vmn2r-ps11	NR_003962	31513	0	0	1
1011	Vmn2r-ps11	NR_003962	31509	0	0	1
1012	Cdk3-ps	NR_004853	6173	0	1	0
1013	B430010I23Rik	NR_015457	-31838	0	1	0
1014	LOC100043315	NR_015482	-79513	0	0	1
1015	A530013C23Rik	NR_015500	54132	0	0	0
1016	1700012D14Rik	NR_015573	-410	1	0	0
1017	4932435O22Rik	NR_027643	17840	0	0	1
1018	BB123696	NR_027893	2564	0	0	1
1019	1700029M20Rik	NR_027909	28142	0	0	0
1020	4931440P22Rik	NR_027955	-51101	0	0	0
1021	9130230L23Rik	NR_027961	-14942	0	1	0
1022	Fance	NR_028297	-15125	0	1	0
1023	4930503E24Rik	NR_028310	83263	0	0	0
1024	A930004D18Rik	NR_028376	-2114	0	0	0
1025	Gm17762	NR_028378	-1043	0	1	0
1026	Gm2176	NR_028424	-3951	0	0	0
1027	Snord12	NR_028540	14718	0	0	0
1028	A530088E08Rik	NR_029458	-6268	0	1	0
1029	Mirlet7i	NR_029527	31023	0	0	0
1030	Mir124a-3	NR_029538	-2716	0	0	0
1031	Mir135a-1	NR_029549	1238	0	1	0
1032	Mir29a	NR_029744	13505	0	0	0
1033	Mir34a	NR_029751	-1075	0	0	0
1034	Mir200c	NR_029792	-97	1	0	0
1035	Mir671	NR_030423	169	1	1	0
1036	Mir574	NR_030577	24162	0	0	1
1037	Gm14812	NR_033544	9870	0	0	1
1038	Spn-ps	NR_033583	-22665	0	0	0
1039	Gm12669	NR_033611	86776	0	0	0
1040	Mir669h	NR_035418	405897	0	0	0
1041	Mir1929	NR_035450	22190	0	0	0
1042	Mir1932	NR_035453	12453	0	0	0
1043	Mir1956	NR_035481	70050	0	0	0
1044	Mir1971	NR_035499	-47875	0	0	0
1045	Mir1982	NR_035503	6628	0	1	0
1046	A730020M07Rik	NR_036457	53393	0	0	0
1047	1700121N20Rik	NR_036593	138361	0	0	0
1048	Mir3085	NR_037246	8820	0	0	0
1049	Mir3107	NR_037293	-3312	0	0	1
1050	Gm1968	NR_037689	125908	0	0	0
1051	Platr22	NR_037986	35256	0	0	0
1052	Gm20268	NR_037989	113601	0	0	0
1053	C730036E19Rik	NR_038011	-50478	0	0	0
1054	Gm20110	NR_038019	-71378	0	0	0
1055	Gm20125	NR_038020	476659	0	0	0
1056	1700042G15Rik	NR_038178	-22282	0	0	0
1057	1700042G15Rik	NR_038179	25138	0	0	0
1058	2210408F21Rik	NR_040261	-10554	0	0	0
1059	9330179D12Rik	NR_040274	-3351	0	1	0
1060	B230217O12Rik	NR_040316	26068	0	0	1
1061	A230028O05Rik	NR_040374	-320	1	0	0
1062	1810021B22Rik	NR_040417	6108	0	1	0
1063	1810021B22Rik	NR_040417	6122	0	1	0
1064	Gm15708	NR_040432	24188	0	0	1
1065	1700047G03Rik	NR_040447	-16578	0	0	0
1066	Gm10007	NR_040449	-301792	0	0	1
1067	Gm10007	NR_040449	-128460	0	0	0
1068	C030007H22Rik	NR_040482	73538	0	0	0
1069	1810053B23Rik	NR_040486	202772	0	0	0
1070	1700080N15Rik	NR_040500	122634	0	0	0
1071	1700028P15Rik	NR_040509	89619	0	0	0
1072	1700049E22Rik	NR_040525	5250	0	0	1
1073	1700049E22Rik	NR_040525	-118763	0	0	0
1074	4930433B08Rik	NR_040544	-165621	0	0	0
1075	4930455H04Rik	NR_040596	-6261	0	0	1
1076	B930018H19Rik	NR_040706	17987	0	0	1
1077	B930018H19Rik	NR_040706	232532	0	0	0
1078	Gm5122	NR_040767	-1432	0	0	0
1079	Gm20187	NR_045052	54372	0	0	0
1080	4933427I22Rik	NR_045160	6116	0	1	1
1081	Gm8633	NR_045179	-134797	0	0	0
1082	5430437J10Rik	NR_045274	315225	0	0	0
1083	B230214G05Rik	NR_045281	-190741	0	0	0
1084	B230214G05Rik	NR_045281	66072	0	0	0
1085	B230214G05Rik	NR_045281	-190736	0	0	0
1086	Gm19705	NR_045324	-13247	0	0	0
1087	4933411E08Rik	NR_045342	-36540	0	0	0
1088	4933411E08Rik	NR_045342	22347	0	1	0
1089	4921531P14Rik	NR_045361	39962	0	0	0
1090	4930452A19Rik	NR_045433	49526	0	0	0
1091	Bcor	NR_045434	275	1	0	1
1092	B630019K06Rik	NR_045448	291	1	1	0
1093	B630019K06Rik	NR_045448	284	1	1	0
1094	B630019K06Rik	NR_045448	303	1	1	0
1095	B630019K06Rik	NR_045448	1255	0	1	0
1096	4933433H22Rik	NR_045458	40977	0	0	0
1097	1700029N11Rik	NR_045489	111250	0	0	0
1098	4933412O06Rik	NR_045507	97716	0	0	1
1099	5930403L14Rik	NR_045643	108568	0	0	1
1100	D030025E07Rik	NR_045704	-173341	0	0	0
1101	E130310I04Rik	NR_045723	-25994	0	0	1
1102	4933400L20Rik	NR_045730	198152	0	0	0
1103	1700060C16Rik	NR_045732	-182007	0	1	0
1104	1700060C16Rik	NR_045732	-182060	0	1	0
1105	1700060C16Rik	NR_045732	-181950	0	1	0
1106	4930486I03Rik	NR_045734	121781	0	0	1
1107	4930505G20Rik	NR_045761	-240589	0	0	1
1108	4930505G20Rik	NR_045761	-240566	0	0	1
1109	4930505G20Rik	NR_045761	-240591	0	0	1
1110	A530072M11Rik	NR_045765	531262	0	0	0
1111	4930417O22Rik	NR_045806	-27694	0	0	0
1112	4930417O22Rik	NR_045806	-27673	0	0	0
1113	4930548G14Rik	NR_045811	151551	0	0	0
1114	Gm17746	NR_045844	226980	0	0	0
1115	Gm17746	NR_045844	62106	0	0	0
1116	5430440P10Rik	NR_045859	-78991	0	0	0
1117	Gm11201	NR_045873	27752	0	0	1
1118	2310008N11Rik	NR_045904	167388	0	0	0
1119	1700128A07Rik	NR_045938	135660	0	0	0
1120	1700128A07Rik	NR_045938	135661	0	0	0
1121	4930432J09Rik	NR_045953	73256	0	0	0
1122	4930432J09Rik	NR_045953	73304	0	0	0
1123	C530044C16Rik	NR_045984	32810	0	0	1
1124	C330024C12Rik	NR_046016	15908	0	0	0
1125	C330024C12Rik	NR_046016	15872	0	0	0
1126	C330024C12Rik	NR_046016	15892	0	0	0
1127	Gm10677	NR_046048	-82431	0	0	0
1128	Gm10677	NR_046048	-82456	0	0	0
1129	Gm16863	NR_046162	-25738	0	0	0
1130	Gm16294	NR_046185	-6527	0	0	0
1131	D730050B12Rik	NR_046196	-57299	0	0	0
1132	D730050B12Rik	NR_046196	-44331	0	0	0
1133	Rn45s	NR_046233	1619	0	1	0
1134	DQ267102	NR_046306	2246	0	0	1
1135	Ankzf1	NR_051999	6388	0	1	0
1136	A930016O22Rik	NR_073015	-4810	0	1	0
1137	4932415M13Rik	NR_073205	55659	0	0	0
1138	2610027K06Rik	NR_077059	21670	0	0	1
1139	D830026I12Rik	NR_102305	-28704	0	0	0
1140	Ano4	NR_102339	-87192	0	0	0
1141	Ano4	NR_102339	-87236	0	0	0
1142	Gm2087	NR_102437	-135905	0	0	0
1143	6030469F06Rik	NR_102715	-18803	0	0	0
