	name	feature.name	dist.to.feature	prom	exon	intron
1	Taf9b	NM_001001176	251	1	1	0
2	Thnsl1	NM_001001297	76522	0	0	0
3	Prrxl1	NM_001001796	-321	1	0	0
4	Zfp36l2	NM_001001806	5634	0	0	0
5	2510009E07Rik	NM_001001881	29584	0	0	1
6	2510009E07Rik	NM_001001881	29587	0	0	1
7	Eea1	NM_001001932	-60435	0	0	0
8	Eea1	NM_001001932	107560	0	0	0
9	Nat8l	NM_001001985	165	1	1	0
10	Rpl17	NM_001002239	249	1	0	1
11	Rab44	NM_001002786	41212	0	0	1
12	Ddx11	NM_001003919	145555	0	0	0
13	Zfp619	NM_001004139	34913	0	0	0
14	Fam222a	NM_001004180	43747	0	1	0
15	Ado	NM_001005419	-117923	0	0	0
16	Ado	NM_001005419	-117946	0	0	0
17	Mreg	NM_001005423	14139	0	0	1
18	Eif2a	NM_001005509	-187	1	1	0
19	Lmtk3	NM_001005511	9827	0	1	0
20	Mtus1	NM_001005863	36306	0	0	1
21	Tceanc	NM_001007577	-57	1	0	0
22	Tceanc	NM_001007577	273	1	0	1
23	Akirin2	NM_001007589	-111589	0	0	0
24	Scgb2b20	NM_001009952	36645	0	0	0
25	Fut10	NM_001012517	32002	0	0	1
26	Osm	NM_001013365	-4025	0	0	0
27	E2f8	NM_001013368	-646	1	0	0
28	Dync1li2	NM_001013380	254	1	1	0
29	Pard3	NM_001013580	293455	0	1	0
30	Tmem151b	NM_001013749	2471	0	0	1
31	Maml2	NM_001013813	-5569	0	0	0
32	Dyrk2	NM_001014390	527	1	0	1
33	Snx13	NM_001014973	142692	0	0	0
34	C2cd3	NM_001017985	31957	0	0	1
35	Adamts15	NM_001024139	212118	0	0	0
36	Mctp2	NM_001024703	849931	0	0	0
37	Mctp2	NM_001024703	849947	0	0	0
38	Ntrk2	NM_001025074	269305	0	0	1
39	Ntrk2	NM_001025074	269266	0	0	1
40	Maf	NM_001025577	348785	0	0	0
41	Lonrf2	NM_001029878	74072	0	0	0
42	Olfm4	NM_001030294	267866	0	0	0
43	Olfm4	NM_001030294	267876	0	0	0
44	Sdhaf1	NM_001033140	276	1	1	0
45	Fbxo33	NM_001033156	-212055	0	0	0
46	5730507C01Rik	NM_001033157	662014	0	0	0
47	Slc6a21	NM_001033176	25351	0	0	1
48	Naa11	NM_001033191	68282	0	0	0
49	Nlrc5	NM_001033207	878	1	0	1
50	Itga1	NM_001033228	-108811	0	0	0
51	Cblb	NM_001033238	203739	0	0	0
52	Gm266	NM_001033248	-178	1	0	0
53	Agap2	NM_001033263	12895	0	1	0
54	Agap2	NM_001033263	12891	0	1	0
55	Carmil2	NM_001033320	3307	0	1	0
56	Carmil2	NM_001033320	3367	0	0	1
57	Zbtb16	NM_001033324	43812	0	0	1
58	Mmp25	NM_001033339	1133	0	1	0
59	Cdc42bpg	NM_001033342	-8787	0	1	0
60	Cdc42bpg	NM_001033342	442	1	0	1
61	Cdc42bpg	NM_001033342	-8734	0	0	1
62	Gal3st4	NM_001033416	-3200	0	1	0
63	Gal3st4	NM_001033416	-3180	0	1	0
64	Gal3st4	NM_001033416	-3157	0	0	1
65	Thoc2	NM_001033422	835	1	0	1
66	Gm884	NM_001033434	13679	0	0	1
67	A830080D01Rik	NM_001033472	903	1	0	1
68	A830080D01Rik	NM_001033472	880	1	0	1
69	Wdr72	NM_001033500	167381	0	0	1
70	Kcnk6	NM_001033525	7423	0	1	0
71	Mef2a	NM_001033713	-70637	0	0	0
72	Fam92b	NM_001033980	-51695	0	0	0
73	Fam92b	NM_001033980	-51956	0	0	0
74	Limk2	NM_001034030	2803	0	1	1
75	Fam134b	NM_001034851	-69340	0	0	1
76	Fam134b	NM_001034851	-57619	0	0	1
77	Bpifb4	NM_001034875	2024	0	1	0
78	Ccne2	NM_001037134	-8835	0	0	0
79	Ripply2	NM_001037907	1814	0	0	1
80	Kcnh1	NM_001038607	253591	0	0	1
81	Defb25	NM_001039122	8085	0	0	0
82	Rbfox3	NM_001039167	706	1	0	1
83	Mex3c	NM_001039214	-136479	0	0	0
84	Slc22a15	NM_001039371	19337	0	0	1
85	Kif21b	NM_001039472	31195	0	0	1
86	Plekhm3	NM_001039493	88833	0	0	1
87	Tex40	NM_001039494	-918	1	1	0
88	Tex40	NM_001039494	-913	1	1	0
89	Pigl	NM_001039536	-4	1	0	0
90	Myh2	NM_001039545	7479	0	0	1
91	1700015E13Rik	NM_001039593	122172	0	0	1
92	Tet2	NM_001040400	92188	0	0	0
93	Flot2	NM_001040403	12712	0	0	1
94	Txnrd1	NM_001042513	-11843	0	0	1
95	Blm	NM_001042527	-24825	0	0	0
96	Cyb5d1	NM_001045525	-84	1	0	0
97	Ap2a1	NM_001077264	-377	1	0	0
98	C77370	NM_001077354	419	1	1	0
99	Cntnap5a	NM_001077425	-1868920	0	0	0
100	Zbtb33	NM_001079513	81	1	1	0
101	Zbtb33	NM_001079513	87	1	1	0
102	Bcl11b	NM_001079883	-565	1	0	0
103	Fgfr1	NM_001079909	28230	0	0	1
104	Fam65b	NM_001080381	39181	0	1	0
105	Gsg1	NM_001080553	-9044	0	0	0
106	Gsg1	NM_001080553	-9032	0	0	0
107	Fam65c	NM_001080708	3244	0	0	1
108	Gtf2i	NM_001080746	-18400	0	0	0
109	Gtf2i	NM_001080746	-18189	0	0	0
110	Gtf2i	NM_001080746	-18226	0	0	0
111	Gtf2i	NM_001080746	-18390	0	0	0
112	Gm1123	NM_001080776	-27328	0	0	1
113	Slc9a3	NM_001081060	-402	1	0	0
114	Phf3	NM_001081080	614735	0	0	0
115	Armc3	NM_001081083	74258	0	0	1
116	Arhgap36	NM_001081123	142	1	1	0
117	Arhgap36	NM_001081123	70	1	1	0
118	Oxtr	NM_001081147	-64505	0	0	0
119	Npat	NM_001081152	-157	1	0	0
120	Rap1gap	NM_001081155	27058	0	0	1
121	Mdga1	NM_001081160	35373	0	1	0
122	Mdga1	NM_001081160	35396	0	1	0
123	Chsy1	NM_001081163	-381	1	0	0
124	Lama5	NM_001081171	5384	0	0	1
125	Lama5	NM_001081171	1392	0	0	1
126	Gabrr3	NM_001081190	-22042	0	0	0
127	Tmem182	NM_001081198	162749	0	0	0
128	B3glct	NM_001081204	293	1	0	1
129	Prdm14	NM_001081209	-31346	0	0	1
130	Fam65a	NM_001081241	-11100	0	0	0
131	Fam65a	NM_001081241	-11109	0	0	0
132	Trio	NM_001081302	102084	0	0	1
133	Pik3r4	NM_001081309	56086	0	1	0
134	Mphosph9	NM_001081323	101	1	1	0
135	Hs3st2	NM_001081327	-65	1	0	0
136	D7Ertd443e	NM_001081331	-121700	0	0	0
137	Sipa1l2	NM_001081337	17639	0	0	1
138	Vma21	NM_001081356	-445	1	0	0
139	Cep164	NM_001081373	86004	0	1	0
140	Rimbp2	NM_001081388	107060	0	0	1
141	1810013L24Rik	NM_001081400	383375	0	0	0
142	Furin	NM_001081454	-51315	0	0	1
143	Furin	NM_001081454	-51460	0	0	1
144	Camta1	NM_001081557	296102	0	0	1
145	Camta1	NM_001081557	270584	0	0	1
146	Dytn	NM_001081658	81629	0	0	0
147	Ptchd2	NM_001083342	31147	0	1	0
148	Xirp2	NM_001083919	-45971	0	0	0
149	Ptchd1	NM_001093750	-214081	0	0	0
150	Kif26a	NM_001097621	31671	0	1	0
151	Nr1i2	NM_001098404	89311	0	0	1
152	Ajap1	NM_001099299	-124935	0	0	0
153	Ajap1	NM_001099299	538	1	1	0
154	Rapgef2	NM_001099624	1350480	0	0	0
155	Rapgef2	NM_001099624	798403	0	0	0
156	Pklr	NM_001099779	11294	0	1	0
157	Smim24	NM_001099917	11841	0	1	0
158	Gm9376	NM_001101609	39089	0	0	0
159	Stx16	NM_001102423	-89126	0	0	0
160	Stx16	NM_001102423	-89105	0	0	0
161	Vmn2r120	NM_001104591	52316	0	0	0
162	Kazn	NM_001109684	30269	0	0	1
163	Kazn	NM_001109684	30277	0	0	1
164	Skor2	NM_001109743	15871	0	0	1
165	Banp	NM_001110100	123690	0	0	0
166	Banp	NM_001110100	105296	0	0	0
167	Tnk2	NM_001110147	1553	0	0	1
168	Inpp5d	NM_001110192	-12591	0	0	0
169	Slc24a2	NM_001110240	96866	0	0	1
170	Vegfa	NM_001110266	139085	0	0	0
171	Keap1	NM_001110305	11284	0	0	0
172	Kif1a	NM_001110315	19496	0	1	0
173	Foxp4	NM_001110825	-1534	0	0	0
174	Foxp4	NM_001110825	-1499	0	0	0
175	Cd34	NM_001111059	99	1	1	0
176	Sprtn	NM_001111141	14853	0	0	1
177	Ebf3	NM_001113414	16198	0	0	1
178	Schip1	NM_001113420	-59335	0	0	1
179	Sept9	NM_001113487	19476	0	0	1
180	Sox5	NM_001113559	159386	0	0	1
181	Serbp1	NM_001113564	36513	0	1	0
182	Serbp1	NM_001113566	-61355	0	0	0
183	Serbp1	NM_001113566	-61346	0	0	0
184	Epha7	NM_001122889	-962097	0	0	0
185	Tfap2a	NM_001122948	79144	0	0	0
186	Prdm12	NM_001123362	-3878	0	0	0
187	Pparg	NM_001127330	538	1	0	1
188	Epb41	NM_001128606	65	1	1	1
189	Arhgef1	NM_001130152	13872	0	0	1
190	Srrm1	NM_001130477	-4083	0	0	0
191	Srrm1	NM_001130477	-4097	0	0	0
192	Prr23a1	NM_001134660	-11175	0	0	0
193	3110062M04Rik	NM_001135611	-39	1	0	0
194	P4ha2	NM_001136076	19088	0	0	1
195	Zfp935	NM_001136496	20781	0	0	0
196	Lrfn1	NM_001141921	14932	0	1	1
197	Golga7b	NM_001141983	-16418	0	0	0
198	Tcf7l2	NM_001142924	133834	0	0	0
199	Tcf7l2	NM_001142924	102407	0	0	0
200	H2-Q4	NM_001143689	-60	1	0	0
201	Use1	NM_001145780	-32264	0	0	1
202	Gpd2	NM_001145820	-7686	0	0	0
203	Lrp4	NM_001145857	16547	0	0	1
204	Tenm3	NM_001145937	-13635	0	0	0
205	Lgals3	NM_001145953	11802	0	1	0
206	Lgals3	NM_001145953	11841	0	1	0
207	C5ar2	NM_001146005	4288	0	0	1
208	C5ar2	NM_001146005	4257	0	0	1
209	Hk1	NM_001146100	10487	0	0	1
210	Hk1	NM_001146100	10459	0	0	1
211	Homer3	NM_001146153	-4651	0	0	0
212	Mrps10	NM_001146211	-12	1	0	0
213	Smoc1	NM_001146217	276	1	1	0
214	Cnp	NM_001146318	268	1	1	1
215	Gjc1	NM_001159382	425	1	0	1
216	Grip2	NM_001159507	9568	0	0	1
217	Meis2	NM_001159569	16948	0	0	1
218	Tfap2c	NM_001159696	109427	0	0	0
219	Cldn10	NM_001160099	-10742	0	0	1
220	Celf2	NM_001160292	-102177	0	0	1
221	Ccdc112	NM_001160399	-5919	0	0	0
222	Optc	NM_001160422	47219	0	0	0
223	Kif26b	NM_001161665	179134	0	0	1
224	Ptk2b	NM_001162365	16037	0	0	1
225	Mgat4c	NM_001162369	1424	0	0	1
226	Troap	NM_001162506	1840	0	0	1
227	Mapre2	NM_001162942	-17335	0	0	0
228	Megf6	NM_001162977	46818	0	0	1
229	Hcrtr1	NM_001163027	12618	0	0	1
230	Cog5	NM_001163126	181	1	0	1
231	Begain	NM_001163175	-47121	0	0	0
232	Atp2a3	NM_001163337	4282	0	0	1
233	Snx11	NM_001163389	121726	0	0	1
234	Cox18	NM_001163456	8910	0	1	0
235	Neurl1a	NM_001163480	94786	0	0	1
236	Neurl1a	NM_001163480	73082	0	0	1
237	Elmsan1	NM_001163501	2922	0	0	1
238	Crb2	NM_001163566	570	1	0	1
239	Tmem170b	NM_001163572	148	1	0	1
240	Wnt7b	NM_001163634	15860	0	0	1
241	Chn2	NM_001163640	-18498	0	0	0
242	Dok5	NM_001163686	158373	0	0	0
243	Pdik1l	NM_001163794	990	1	0	1
244	Tgif1	NM_001164074	-12053	0	0	0
245	Nfatc1	NM_001164111	44901	0	0	1
246	Psmd10	NM_001164177	-157	1	0	0
247	Prrg1	NM_001164275	163	1	0	1
248	Nt5c2	NM_001164363	-8186	0	1	0
249	Nt5c2	NM_001164365	-20564	0	0	1
250	Kcnk13	NM_001164426	8138	0	0	1
251	Sipa1	NM_001164568	2861	0	1	0
252	Myo1h	NM_001164573	32316	0	0	1
253	Irf2bp2	NM_001164598	672	1	1	0
254	Amigo2	NM_001164602	-225337	0	0	0
255	Amigo2	NM_001164602	-129760	0	0	1
256	Amigo2	NM_001164602	-114498	0	0	1
257	Rnf14	NM_001164621	-12	1	1	0
258	Trappc9	NM_001164642	1044	0	0	1
259	Fam47c	NM_001164739	-59713	0	0	0
260	Robo3	NM_001164767	-27387	0	0	0
261	Ctnnb1	NM_001165902	34688	0	0	1
262	Rgs9	NM_001165934	16583	0	0	1
263	Rfx3	NM_001166414	76505	0	0	1
264	Hnrnpf	NM_001166427	416	1	0	1
265	AU022751	NM_001166433	181	1	1	0
266	Slc38a1	NM_001166458	-15449	0	0	0
267	Slc38a1	NM_001166458	-15448	0	0	0
268	Spock1	NM_001166463	463846	0	0	1
269	Mid1ip1	NM_001166635	984	1	1	0
270	Mid1ip1	NM_001166635	1199	0	1	0
271	Mid1ip1	NM_001166635	959	1	1	0
272	Klhl33	NM_001166651	800	1	1	0
273	Cdkl3	NM_001166657	14324	0	0	1
274	Ankrd7	NM_001167757	722862	0	0	0
275	Fam83h	NM_001168253	5168	0	1	0
276	Fam83h	NM_001168253	4905	0	1	0
277	Phf14	NM_001168382	271	1	1	0
278	Mapk14	NM_001168513	-279	1	0	1
279	Endou	NM_001168693	-14181	0	1	0
280	Endou	NM_001168693	-14160	0	1	0
281	Slc35b3	NM_001170431	-213371	0	0	0
282	Rbm20	NM_001170847	20976	0	0	1
283	Rbms3	NM_001172123	78414	0	0	1
284	Rbm41	NM_001172147	391	1	0	1
285	Cacna2d2	NM_001174048	792	1	0	1
286	Camk2b	NM_001174053	41101	0	0	1
287	Slc25a13	NM_001177572	83820	0	0	1
288	Madd	NM_001177720	3157	0	1	0
289	Otub2	NM_001177841	3057	0	0	1
290	Otub2	NM_001177841	3066	0	0	1
291	Mrps36	NM_001190264	139	1	0	1
292	Mfrp	NM_001190314	324	1	1	0
293	Jak3	NM_001190830	3556	0	0	1
294	Morc4	NM_001193309	315	1	1	0
295	Gm5294	NM_001195128	1099	0	0	1
296	Ccdc170	NM_001195672	-27376	0	0	0
297	Lrrc74a	NM_001195767	68121	0	0	0
298	Ccdc7a	NM_001197041	116283	0	0	0
299	Arhgef2	NM_001198913	12828	0	0	1
300	Apoo	NM_001199338	82	1	1	1
301	Rpl34-ps1	NM_001199350	-97519	0	0	0
302	Apbb2	NM_001201416	13865	0	0	1
303	Arhgap27	NM_001205236	8253	0	0	1
304	Arhgap27	NM_001205236	8302	0	0	1
305	Gramd4	NM_001205353	16036	0	0	1
306	Rnf223	NM_001220499	-1250	0	0	0
307	Slc4a10	NM_001242381	-34	1	0	0
308	Sema3a	NM_001243072	-301629	0	0	0
309	Clcn5	NM_001243762	173	1	1	0
310	Clcn5	NM_001243762	191	1	1	0
311	A630023A22Rik	NM_001251843	-4492	0	0	0
312	Mest	NM_001252293	-13421	0	0	0
313	Fam19a5	NM_001252310	386	1	0	1
314	Slc6a15	NM_001252330	242119	0	0	0
315	Smad2	NM_001252481	293118	0	0	0
316	Sorcs1	NM_001252501	81773	0	0	1
317	St6gal1	NM_001252506	10339	0	0	1
318	Sulf2	NM_001252578	56981	0	0	1
319	Zmynd8	NM_001252587	-43147	0	0	0
320	Tbc1d7	NM_001252639	-40327	0	0	1
321	Tet1	NM_001253857	-11103	0	0	0
322	Tet1	NM_001253857	-11124	0	0	0
323	Tet1	NM_001253857	-7164	0	0	0
324	Ncor2	NM_001253904	-4685	0	0	0
325	7530416G11Rik	NM_001256072	-4507	0	0	0
326	7530416G11Rik	NM_001256072	-4489	0	0	0
327	Mtif3	NM_001256101	5445	0	0	1
328	C330006A16Rik	NM_001256522	697	1	1	0
329	Igip	NM_001267796	20338	0	0	0
330	Ankra2	NM_001271388	18613	0	0	0
331	Enox2	NM_001271451	-43700	0	0	0
332	Cd82	NM_001271462	2516	0	0	1
333	Il15ra	NM_001271499	5037	0	0	1
334	Myh14	NM_001271538	26622	0	0	1
335	Cdc7	NM_001271566	72921	0	0	0
336	Cdc7	NM_001271566	87386	0	0	0
337	Ackr3	NM_001271607	54006	0	0	0
338	Setmar	NM_001276356	-199161	0	0	0
339	Dag1	NM_001276486	-4026	0	0	0
340	Chd7	NM_001277149	163806	0	1	0
341	Chd7	NM_001277149	113839	0	0	1
342	Acr	NM_001277247	-9905	0	1	0
343	Acr	NM_001277247	-20497	0	1	0
344	Ank1	NM_001277281	-203	1	0	1
345	Grip1	NM_001277292	-404	1	0	0
346	Grip1	NM_001277295	-22162	0	0	1
347	Pex5	NM_001277330	4284	0	0	1
348	Cryaa	NM_001278570	84846	0	0	0
349	Adam10	NM_007399	124767	0	1	0
350	Adcy7	NM_007406	410	1	0	1
351	Adra2c	NM_007418	922	1	1	0
352	Adrb2	NM_007420	202	1	1	0
353	Slc25a5	NM_007451	305	1	0	1
354	Apc	NM_007462	-68218	0	0	0
355	Aqp8	NM_007474	-40826	0	0	1
356	Bach1	NM_007520	52438	0	0	0
357	Bach1	NM_007520	52481	0	0	0
358	Nkx3-2	NM_007524	9562	0	0	0
359	Cxcr5	NM_007551	-24999	0	0	0
360	Bmi1	NM_007552	143	1	1	0
361	Bmi1	NM_007552	639	1	0	1
362	Bmp2	NM_007553	24577	0	0	0
363	Zfp36l1	NM_007564	-1459	0	0	0
364	Zfp36l1	NM_007564	99069	0	0	0
365	Birc6	NM_007566	602	1	0	1
366	Cd37	NM_007645	-2646	0	0	0
367	Cd37	NM_007645	-2696	0	0	0
368	Cdkn2c	NM_007671	7823	0	0	0
369	Cfl1	NM_007687	141	1	1	0
370	Socs3	NM_007707	19925	0	0	0
371	Socs3	NM_007707	20097	0	0	0
372	Cnr1	NM_007726	-146	1	0	0
373	Cnr1	NM_007726	-167950	0	0	0
374	Cox7c	NM_007749	151348	0	0	0
375	Cox7c	NM_007749	-1081698	0	0	0
376	Cox8b	NM_007751	-2085	0	0	0
377	Cpd	NM_007754	56	1	1	0
378	Csrp1	NM_007791	-15445	0	0	0
379	Cyp17a1	NM_007809	18535	0	1	0
380	Dnase1l3	NM_007870	63039	0	1	0
381	Reep5	NM_007874	10529	0	0	1
382	Drd4	NM_007878	14406	0	0	1
383	Arid3a	NM_007880	7391	0	0	1
384	S1pr1	NM_007901	58191	0	0	0
385	Edn2	NM_007902	50676	0	0	0
386	Edn2	NM_007902	-16843	0	0	0
387	Edn3	NM_007903	114855	0	0	0
388	Edn3	NM_007903	140931	0	0	0
389	Edn3	NM_007903	-58497	0	0	1
390	Edn3	NM_007903	52764	0	0	0
391	Ednrb	NM_007904	65398	0	0	0
392	Ehf	NM_007914	-407	1	0	0
393	Elk4	NM_007923	809	1	0	1
394	Emp2	NM_007929	-25323	0	0	0
395	Eng	NM_007932	15977	0	0	1
396	Epha8	NM_007939	-8361	0	0	0
397	Epha8	NM_007939	-38800	0	1	0
398	Ercc1	NM_007948	-2861	0	0	0
399	Ercc1	NM_007948	-2898	0	0	0
400	Esx1	NM_007957	1612	0	1	0
401	Mecom	NM_007963	35760	0	0	1
402	F8a	NM_007978	28	1	1	0
403	Fap	NM_007986	-1342	0	0	0
404	Fer	NM_008000	-103	1	0	1
405	Fgd1	NM_008001	555	1	1	0
406	Fgl2	NM_008013	-17017	0	0	1
407	Igfbp7	NM_008048	-175	1	0	0
408	Fzd7	NM_008057	-31516	0	0	0
409	Fzd7	NM_008057	-104591	0	0	0
410	Fzd7	NM_008057	2294	0	1	0
411	Gata2	NM_008090	1981	0	1	0
412	Gcm1	NM_008103	-8752	0	0	0
413	Gdi2	NM_008112	141	1	1	0
414	Gjb2	NM_008125	20488	0	0	0
415	Gp5	NM_008148	2345	0	1	0
416	Gpc4	NM_008150	530	1	0	1
417	Gpc4	NM_008150	469	1	0	1
418	Gpc4	NM_008150	879	1	0	1
419	Cmklr1	NM_008153	46746	0	0	0
420	Rhpn1	NM_008164	19856	0	0	0
421	Grid1	NM_008166	9849	0	0	1
422	Grin2d	NM_008172	285	1	1	0
423	Grm8	NM_008174	19860	0	0	1
424	Foxj1	NM_008240	-19236	0	0	1
425	Foxj1	NM_008240	-19233	0	0	1
426	Foxj1	NM_008240	-19184	0	0	1
427	Foxd1	NM_008242	116	1	1	0
428	Hn1	NM_008258	344	1	0	1
429	Hoxa4	NM_008265	1195	0	1	1
430	Hsd17b3	NM_008291	94910	0	0	0
431	Htr1a	NM_008308	145	1	1	0
432	Irf8	NM_008320	11044	0	0	1
433	Itgb2	NM_008404	6756	0	0	1
434	Kcne1	NM_008424	1946	0	0	1
435	Lamb1	NM_008482	37413	0	1	0
436	Lamc2	NM_008485	-5019	0	0	0
437	Mycl	NM_008506	4024	0	1	0
438	Lyl1	NM_008535	-2296	0	1	0
439	Lyl1	NM_008535	5297	0	0	0
440	Abcc1	NM_008576	77703	0	0	1
441	Mitf	NM_008601	25817	0	0	1
442	Myom2	NM_008664	468270	0	0	0
443	Nat1	NM_008673	-125304	0	0	0
444	Nfe2	NM_008685	-4095	0	0	0
445	Ngp	NM_008694	21059	0	0	1
446	Nkx2-3	NM_008699	135	1	1	0
447	Nkx2-3	NM_008699	25	1	1	0
448	Nkx2-3	NM_008699	4027	0	0	0
449	Npas1	NM_008718	1263	0	1	0
450	Nrtn	NM_008738	4189	0	0	1
451	Nrtn	NM_008738	4193	0	0	1
452	Pdgfa	NM_008808	16349	0	0	1
453	Pdgfa	NM_008808	16327	0	0	1
454	Pdha1	NM_008810	243	1	0	1
455	Pet2	NM_008821	92094	0	0	0
456	Phka1	NM_008832	-114	1	0	0
457	Prkcb	NM_008855	487	1	0	1
458	Plg	NM_008877	40190	0	0	1
459	Phox2a	NM_008887	5773	0	1	0
460	Phox2b	NM_008888	2592	0	1	0
461	Phox2b	NM_008888	-59107	0	0	0
462	Ptgir	NM_008967	3488	0	1	0
463	Ptma	NM_008972	-45391	0	0	0
464	Ptp4a3	NM_008975	7388	0	1	0
465	Nectin2	NM_008990	5121	0	0	1
466	Raet1c	NM_009018	17836	0	0	1
467	Aldh1a2	NM_009022	-269	1	0	0
468	Rela	NM_009045	12158	0	0	0
469	Rit2	NM_009065	328856	0	0	1
470	Rpl37a	NM_009084	22130	0	0	0
471	Rxrg	NM_009107	8948	0	0	1
472	Scd1	NM_009127	7585	0	0	1
473	Scrg1	NM_009136	-19262	0	0	0
474	Exoc4	NM_009148	340	1	0	1
475	Selplg	NM_009151	-14223	0	0	1
476	Shfm1	NM_009169	72033	0	0	0
477	Siah1b	NM_009173	134	1	0	1
478	St3gal2	NM_009179	-7694	0	0	0
479	Slc12a2	NM_009194	61484	0	1	0
480	Sos1	NM_009231	-17174	0	0	0
481	Sox1	NM_009233	1251	0	1	1
482	Stag1	NM_009282	-21548	0	0	0
483	Tac1	NM_009311	59111	0	0	0
484	Tff1	NM_009362	2302	0	1	0
485	Tff1	NM_009362	4287	0	0	0
486	Tgfbr2	NM_009371	71177	0	0	1
487	Thrb	NM_009380	103439	0	0	0
488	Ttf1	NM_009442	233	1	0	1
489	Usp9x	NM_009481	64	1	1	0
490	Vamp3	NM_009498	-233036	0	0	1
491	Vamp3	NM_009498	-86178	0	1	0
492	Wnt11	NM_009519	-3580	0	0	0
493	Wnt11	NM_009519	-3577	0	0	0
494	Wnt11	NM_009519	25070	0	0	0
495	Xrcc1	NM_009532	681	1	1	0
496	Xrcc1	NM_009532	690	1	1	0
497	Xrcc5	NM_009533	72520	0	0	1
498	Xrcc5	NM_009533	72504	0	0	1
499	Zbtb17	NM_009541	13221	0	0	1
500	Zscan2	NM_009553	13736	0	1	0
501	Zfp64	NM_009564	23836	0	0	1
502	Avil	NM_009635	5835	0	1	0
503	Ahnak	NM_009643	1011	0	0	1
504	Anp32a	NM_009672	80176	0	0	1
505	Anxa5	NM_009673	656	1	0	1
506	Ap3b1	NM_009680	78808	0	0	1
507	Neurog2	NM_009718	722	1	1	0
508	Neurog2	NM_009718	700	1	1	0
509	Bfsp1	NM_009751	468	1	1	0
510	Casp14	NM_009809	-231	1	0	0
511	Casp14	NM_009809	18283	0	0	0
512	Casq2	NM_009814	48394	0	0	1
513	Ctnna1	NM_009818	525	1	0	1
514	Noct	NM_009834	-181765	0	0	0
515	Cd83	NM_009856	85907	0	0	0
516	Cdh4	NM_009867	79437	0	0	1
517	Cdh4	NM_009867	76184	0	0	1
518	Celsr1	NM_009886	54899	0	1	0
519	Col4a1	NM_009931	33387	0	0	1
520	Cox4i1	NM_009941	3549	0	0	1
521	Igf2bp1	NM_009951	162	1	1	0
522	Bcar1	NM_009954	-12590	0	0	0
523	Cyp46a1	NM_010010	34677	0	0	0
524	Dlx6	NM_010057	-7681	0	0	1
525	Drp2	NM_010078	26995	0	0	1
526	S1pr3	NM_010101	-15645	0	0	0
527	S1pr4	NM_010102	899	1	1	0
528	S1pr4	NM_010102	523	1	1	0
529	Efnb1	NM_010110	1348	0	0	1
530	Efnb1	NM_010110	1343	0	0	1
531	Epas1	NM_010137	1663	0	0	1
532	Epha7	NM_010141	303751	0	0	0
533	Ephb2	NM_010142	5807	0	0	1
534	Ephb3	NM_010143	41466	0	0	0
535	Ctgf	NM_010217	55897	0	1	0
536	Fzd9	NM_010246	-29441	0	0	0
537	Gbx2	NM_010262	45862	0	0	1
538	Gpd2	NM_010274	60	1	1	1
539	Gdnf	NM_010275	-7641	0	0	0
540	Gjb5	NM_010291	-61724	0	0	0
541	Gjb5	NM_010291	-61739	0	0	0
542	Gjb5	NM_010291	-61701	0	0	0
543	Gclc	NM_010295	62730	0	0	0
544	Gnb2	NM_010312	188	1	0	1
545	Gng4	NM_010317	-9437	0	0	1
546	Gng4	NM_010317	-9412	0	0	1
547	Emb	NM_010330	-43360	0	0	0
548	Gpr50	NM_010340	-1749	0	0	0
549	Gsr	NM_010344	-699	1	0	0
550	Gsr	NM_010344	13095	0	0	1
551	Hap1	NM_010404	168	1	1	0
552	Hey1	NM_010423	-50749	0	0	0
553	Hmx1	NM_010445	-12685	0	0	0
554	Hoxa2	NM_010451	-3933	0	0	0
555	Hoxa2	NM_010451	-3963	0	0	0
556	Hoxa2	NM_010451	-3985	0	0	0
557	Hoxa2	NM_010451	-3939	0	0	0
558	Hoxa2	NM_010451	-3943	0	0	0
559	Hoxa5	NM_010453	-257	1	0	1
560	Hoxa6	NM_010454	349	1	1	1
561	Hrc	NM_010473	6626	0	0	1
562	Slc6a4	NM_010484	-23421	0	0	1
563	Cyr61	NM_010516	-53676	0	0	0
564	Ihh	NM_010544	3244	0	1	0
565	Il10	NM_010548	-1096	0	0	0
566	Il16	NM_010551	12752	0	0	1
567	Il6ra	NM_010559	221	1	0	1
568	Il6ra	NM_010559	11720	0	0	1
569	Jund	NM_010592	-3885	0	0	0
570	Kap	NM_010594	15227	0	0	0
571	Klf12	NM_010636	-158728	0	0	0
572	Klf4	NM_010637	-440503	0	0	0
573	Kpna2	NM_010655	-13133	0	0	0
574	Krt27	NM_010666	-4596	0	0	0
575	Lef1	NM_010703	-74369	0	0	0
576	Lef1	NM_010703	-16018	0	0	0
577	Lhx4	NM_010712	-1017	0	0	0
578	Lhx4	NM_010712	12771	0	0	1
579	Lmx1b	NM_010725	55419	0	0	1
580	Lmx1b	NM_010725	75885	0	1	0
581	Mageb1	NM_010759	-20174	0	0	0
582	Mageb1	NM_010759	-20174	0	0	0
583	Ccndbp1	NM_010761	234	1	0	1
584	Ndst2	NM_010811	-7006	0	0	1
585	Grap2	NM_010815	22705	0	1	0
586	Ncf1	NM_010876	3950	0	1	0
587	Ncf1	NM_010876	3996	0	0	1
588	Ncf1	NM_010876	13760	0	0	1
589	Neurog1	NM_010896	29623	0	0	0
590	Nefl	NM_010910	-34438	0	0	0
591	Nnmt	NM_010924	-105501	0	0	1
592	Oit3	NM_010959	2834	0	0	1
593	P2rx4	NM_011026	26564	0	1	0
594	Pax2	NM_011037	-72952	0	0	0
595	Pax9	NM_011041	105	1	1	0
596	Prkce	NM_011104	552	1	1	0
597	Prkce	NM_011104	158	1	1	0
598	Plaur	NM_011113	4331	0	0	1
599	Pon1	NM_011134	99270	0	0	1
600	Pou2f1	NM_011137	2087	0	0	1
601	Ppard	NM_011145	-6841	0	1	0
602	Ppard	NM_011145	-6846	0	1	0
603	Cyth3	NM_011182	-33214	0	0	0
604	Ptpn1	NM_011201	-192	1	0	0
605	Rad51	NM_011234	145	1	1	0
606	Rev3l	NM_011264	369	1	1	0
607	Rnf4	NM_011278	16	1	1	0
608	Rnf7	NM_011279	14025	0	0	0
609	Polr2j	NM_011293	-13168	0	0	1
610	Sub1	NM_011294	675	1	0	1
611	Scn8a	NM_011323	50295	0	0	1
612	Scnn1g	NM_011326	1149	0	0	1
613	Spi1	NM_011355	386	1	0	1
614	Spi1	NM_011355	350	1	0	1
615	Spi1	NM_011355	326	1	0	1
616	St6galnac4	NM_011373	673	1	0	1
617	Six2	NM_011380	-3669	0	0	0
618	Six2	NM_011380	917	1	0	1
619	Six4	NM_011382	25933	0	0	0
620	Slc2a1	NM_011400	-35741	0	0	0
621	Ncor2	NM_011424	69610	0	0	1
622	Snai1	NM_011427	24020	0	0	0
623	Sod3	NM_011435	19204	0	0	1
624	Sorl1	NM_011436	130774	0	0	1
625	Sox14	NM_011440	820	1	1	0
626	Sox9	NM_011448	126670	0	0	0
627	Syk	NM_011518	42847	0	0	1
628	Tbx1	NM_011532	-4758	0	0	0
629	Tbxas1	NM_011539	51893	0	0	1
630	Tesk1	NM_011571	664	1	1	0
631	Tex264	NM_011573	38	1	1	1
632	Thbs4	NM_011582	20644	0	0	1
633	Atp6v0a2	NM_011596	-5852	0	0	1
634	Cd40	NM_011611	10102	0	0	1
635	Tom1	NM_011622	575	1	0	1
636	Nr2c1	NM_011629	3822	0	0	1
637	Tsn	NM_011650	237803	0	0	0
638	Vwf	NM_011708	50937	0	0	1
639	Vwf	NM_011708	50897	0	0	1
640	Dctn6	NM_011722	13497	0	0	1
641	Dctn6	NM_011722	13498	0	0	1
642	Mkrn3	NM_011746	-149	1	0	0
643	Zfp90	NM_011764	20120	0	0	0
644	Cdc6	NM_011799	1172	0	0	1
645	Mmp17	NM_011846	-4051	0	0	0
646	Osr1	NM_011859	101	1	1	0
647	Spry4	NM_011898	58704	0	0	0
648	Spry4	NM_011898	-42521	0	0	0
649	Lypla2	NM_011942	2953	0	1	0
650	Map3k4	NM_011948	25042	0	0	1
651	Psmb3	NM_011971	15375	0	1	0
652	Rpl27a	NM_011975	-214	1	0	0
653	Cops7a	NM_012003	12374	0	0	0
654	Arhgef28	NM_012026	33901	0	0	1
655	Arhgef28	NM_012026	33916	0	0	1
656	Etv3	NM_012051	-25278	0	1	0
657	Etv3	NM_012051	-25292	0	1	0
658	Rps3	NM_012052	270	1	0	1
659	Srp9	NM_012058	-9841	0	0	0
660	P3h3	NM_013534	451	1	1	0
661	Hsph1	NM_013559	24714	0	1	0
662	Hsph1	NM_013559	-6774	0	0	0
663	Lifr	NM_013584	10302	0	0	1
664	Mb	NM_013593	-48068	0	0	1
665	Odf2	NM_013615	3485	0	1	1
666	Psmb10	NM_013640	1152	0	1	0
667	Srsf3	NM_013663	-7441	0	0	0
668	Tcte1	NM_013688	-5564	0	0	1
669	Klf10	NM_013692	-71952	0	0	0
670	Fgd2	NM_013710	37972	0	0	0
671	Csnk1e	NM_013767	15756	0	1	0
672	Tjp3	NM_013769	1098	0	0	1
673	Epb41l3	NM_013813	-4222	0	0	0
674	Plcb4	NM_013829	-25948	0	0	0
675	Rasal1	NM_013832	-5072	0	0	0
676	Ror1	NM_013845	80107	0	0	1
677	Ror2	NM_013846	-29535	0	0	0
678	Spdef	NM_013891	10357	0	0	1
679	Kdm2b	NM_013910	-30304	0	0	1
680	Hnf4g	NM_013920	-382613	0	0	0
681	Gbx1	NM_015739	736	1	1	0
682	Myo9b	NM_015742	23873	0	0	1
683	Hunk	NM_015755	32410	0	0	1
684	Icosl	NM_015790	12360	0	0	0
685	Dlc1	NM_015802	51233	0	0	0
686	Hs6st1	NM_015818	5367	0	0	1
687	Hs6st1	NM_015818	-7641	0	0	0
688	Hs6st1	NM_015818	5389	0	0	1
689	Pknox1	NM_016670	273	1	0	1
690	Hpcal1	NM_016677	257357	0	0	0
691	Pbx3	NM_016768	-18699	0	0	0
692	Smad3	NM_016769	17635	0	0	1
693	Ech1	NM_016772	2748	0	0	1
694	Tpmt	NM_016785	61	1	1	0
695	Srrm1	NM_016799	433	1	0	1
696	Chst3	NM_016803	35568	0	1	0
697	Rgl1	NM_016846	11740	0	0	1
698	Rgl1	NM_016846	11784	0	0	1
699	Ppp1r3c	NM_016854	20286	0	0	0
700	Stk39	NM_016866	95092	0	0	1
701	Esd	NM_016903	100591	0	0	1
702	Mtmr1	NM_016985	233	1	1	0
703	Rab11a	NM_017382	64414	0	0	1
704	Ddx20	NM_017397	-81	1	0	0
705	Zfp316	NM_017467	-18200	0	0	0
706	Kat6b	NM_017479	944	1	0	1
707	Kat6b	NM_017479	102540	0	0	1
708	Zfp326	NM_018759	101851	0	0	0
709	Ntsr1	NM_018766	328	1	1	0
710	Dfna5	NM_018769	-16499	0	0	0
711	Bri3	NM_018772	3068	0	0	1
712	Bri3	NM_018772	3053	0	0	1
713	Bri3	NM_018772	3069	0	0	1
714	Bri3	NM_018772	3059	0	0	1
715	Ubqln2	NM_018798	129	1	1	0
716	Abhd2	NM_018811	30405	0	0	1
717	Sgsh	NM_018822	4449	0	0	1
718	Sh2b2	NM_018825	-43562	0	0	1
719	Pebp1	NM_018858	56377	0	0	1
720	Pebp1	NM_018858	56343	0	0	1
721	Pdyn	NM_018863	1567	0	1	0
722	Cxcl13	NM_018866	17050	0	0	0
723	Irx4	NM_018885	87	1	1	0
724	Tyro3	NM_019392	10675	0	1	0
725	Robo1	NM_019413	335098	0	0	1
726	Panx1	NM_019482	37788	0	1	0
727	Ammecr1	NM_019496	513	1	1	0
728	Ammecr1	NM_019496	514	1	1	0
729	Cldn14	NM_019500	62	1	1	0
730	Uchl5	NM_019562	84	1	1	0
731	Uchl5	NM_019562	97	1	1	0
732	Uchl5	NM_019562	77	1	1	0
733	Uchl5	NM_019562	86	1	1	0
734	Uchl5	NM_019562	102	1	1	0
735	Fscn3	NM_019569	-1339	0	0	0
736	Ykt6	NM_019661	32268	0	0	1
737	Syncrip	NM_019666	-556	1	0	0
738	Ube2a	NM_019668	-126	1	0	0
739	Elf4	NM_019680	9782	0	0	1
740	Elf4	NM_019680	9788	0	0	1
741	Cdh13	NM_019707	332100	0	0	1
742	Pdcd10	NM_019745	90397	0	0	0
743	Htra2	NM_019752	3050	0	1	0
744	Htra2	NM_019752	318	1	1	0
745	Mtch2	NM_019758	134	1	1	0
746	Mtch2	NM_019758	157	1	1	0
747	Mtch2	NM_019758	182	1	1	0
748	Mtch2	NM_019758	151	1	1	0
749	Mtch2	NM_019758	155	1	1	0
750	Ikbke	NM_019777	4259	0	0	1
751	Tbk1	NM_019786	150	1	0	1
752	Tbk1	NM_019786	197	1	0	1
753	Dnaja2	NM_019794	-45005	0	0	0
754	Trpc4ap	NM_019828	118	1	1	0
755	Git2	NM_019834	3	1	1	0
756	B4galt5	NM_019835	-23151	0	0	0
757	Tlx3	NM_019916	274	1	1	0
758	Gpr132	NM_019925	-5720	0	0	0
759	Pdgfc	NM_019971	396	1	1	0
760	Litaf	NM_019980	-5082	0	0	0
761	Rabgef1	NM_019983	-1839	0	0	1
762	Pnkd	NM_019999	8073	0	0	1
763	Zbtb33	NM_020256	-9715	0	0	0
764	Dkk2	NM_020265	-165776	0	0	0
765	Insm2	NM_020287	841	1	1	0
766	Ank	NM_020332	62332	0	0	1
767	Ank	NM_020332	-148049	0	0	0
768	Xpo4	NM_020506	-31207	0	1	0
769	Xpo4	NM_020506	-30981	0	0	1
770	Fbxo3	NM_020593	726	1	0	1
771	Srd5a3	NM_020611	-60429	0	0	0
772	Kit	NM_021099	3981	0	0	1
773	Kit	NM_021099	4011	0	0	1
774	Kit	NM_021099	3973	0	0	1
775	Sez6	NM_021286	361	1	0	1
776	Piwil1	NM_021311	56282	0	0	1
777	Kcne4	NM_021342	62364	0	0	0
778	Tnfrsf13b	NM_021349	6799	0	1	0
779	Htr6	NM_021358	-672	1	0	0
780	Bcl11b	NM_021399	28223	0	0	1
781	Stk4	NM_021420	11184	0	0	1
782	Shank3	NM_021423	23815	0	0	1
783	Shank3	NM_021423	23825	0	0	1
784	Shank3	NM_021423	23829	0	0	1
785	Shank3	NM_021423	23847	0	0	1
786	Shank3	NM_021423	23819	0	0	1
787	Shank3	NM_021423	23822	0	0	1
788	Shank3	NM_021423	23861	0	0	1
789	Nectin1	NM_021424	44383	0	0	1
790	Dexi	NM_021428	229	1	1	0
791	Dysf	NM_021469	1188	0	0	1
792	Arhgap23	NM_021493	13484	0	1	0
793	Anapc5	NM_021505	19258	0	0	1
794	Huwe1	NM_021523	29	1	1	0
795	Bhlhe22	NM_021560	1373	0	1	0
796	Nrip2	NM_021717	888	1	0	1
797	Oca2	NM_021879	123638	0	0	1
798	Slc13a2	NM_022411	-1181	0	0	0
799	Ptges	NM_022415	-17089	0	0	0
800	Ireb2	NM_022655	358	1	0	1
801	Lpin2	NM_022882	-50736	0	0	0
802	Lpin2	NM_022882	-50711	0	0	0
803	Slc30a5	NM_022885	-27899	0	0	0
804	Rtn4r	NM_022982	-199	1	0	0
805	Pmepa1	NM_022995	-2666	0	0	0
806	Ndufb9	NM_023172	17913	0	0	1
807	Nuf2	NM_023284	-160	1	0	0
808	Eif4e2	NM_023314	-96	1	0	0
809	Sdhb	NM_023374	10765	0	0	1
810	Wfdc1	NM_023395	12981	0	1	0
811	Cad	NM_023525	12287	0	1	0
812	Muc2	NM_023566	-1968	0	0	0
813	Ssbp3	NM_023672	-30118	0	0	0
814	Pi16	NM_023734	3909	0	0	1
815	Tfcp2l1	NM_023755	-38142	0	0	1
816	4930550L24Rik	NM_023774	-390005	0	0	0
817	Etv5	NM_023794	9248	0	0	1
818	Etv5	NM_023794	9202	0	0	1
819	Mgea5	NM_023799	11	1	1	0
820	Slco3a1	NM_023908	264203	0	0	1
821	Slco3a1	NM_023908	264173	0	0	1
822	Arl2bp	NM_024269	6071	0	1	0
823	Ssbp2	NM_024272	610	1	0	1
824	Morf4l1	NM_024431	29844	0	0	0
825	Col26a1	NM_024474	1215	0	0	1
826	Tmem57	NM_025382	95	1	1	0
827	Arl4d	NM_025404	7457	0	0	0
828	Nenf	NM_025424	21290	0	0	0
829	Tmed6	NM_025458	-3537	0	0	0
830	Tmed6	NM_025458	-3546	0	0	0
831	1810009A15Rik	NM_025463	58	1	1	0
832	Gmpr	NM_025508	113418	0	0	1
833	Commd5	NM_025536	-9171	0	1	0
834	Fam136a	NM_025591	-21561	0	0	0
835	Tceanc2	NM_025617	25017	0	0	1
836	Mis18a	NM_025642	111843	0	0	0
837	Rpe	NM_025683	-41215	0	0	1
838	Tab3	NM_025729	-134	1	0	0
839	Tab3	NM_025729	-138	1	0	0
840	Tab3	NM_025729	-147	1	0	0
841	Asb17	NM_025758	-24283	0	0	0
842	Dtnbp1	NM_025772	178	1	1	0
843	Bcl2l14	NM_025778	-134544	0	1	0
844	Bcl2l14	NM_025778	31988	0	0	1
845	Thap2	NM_025780	-144	1	0	0
846	Plbd1	NM_025806	-59194	0	0	1
847	Tmem261	NM_025849	-1011286	0	0	1
848	Pole4	NM_025882	80	1	1	0
849	Fam210b	NM_025912	446	1	0	1
850	Fam210b	NM_025912	9381	0	1	0
851	Rars	NM_025936	-53172	0	0	1
852	Med18	NM_026039	8454	0	0	0
853	Srfbp1	NM_026040	19	1	1	0
854	Srfbp1	NM_026040	33	1	1	0
855	Srfbp1	NM_026040	51	1	1	0
856	Srfbp1	NM_026040	10	1	1	0
857	Eri1	NM_026067	-36660	0	0	0
858	Klhl13	NM_026167	278039	0	0	0
859	Mettl16	NM_026197	-22752	0	0	0
860	Gramd3	NM_026240	50394	0	0	1
861	Gramd3	NM_026240	50387	0	0	1
862	4930519G04Rik	NM_026263	-8359	0	0	0
863	Necap1	NM_026267	74	1	1	0
864	Tm7sf3	NM_026281	21276	0	0	1
865	Tm7sf3	NM_026281	524	1	0	1
866	Armc12	NM_026290	-6743	0	0	0
867	Armc12	NM_026290	8083	0	1	0
868	Dgat2	NM_026384	18735	0	0	1
869	Yipf4	NM_026417	-43	1	0	0
870	Saraf	NM_026432	162460	0	0	0
871	Tctn2	NM_026486	452	1	1	0
872	Grhl2	NM_026496	-112173	0	0	0
873	2700060E02Rik	NM_026528	-51663	0	1	0
874	Bcas2	NM_026602	47519	0	0	0
875	Prps2	NM_026662	-54579	0	0	0
876	Prps2	NM_026662	479	1	0	1
877	Tspan11	NM_026743	-21563	0	0	0
878	Rreb1	NM_026830	-47199	0	0	0
879	Xrcc6bp1	NM_026858	11625	0	0	1
880	Pygo2	NM_026869	-184	1	0	0
881	Rasl11b	NM_026878	-33415	0	0	0
882	Med27	NM_026896	135150	0	0	1
883	1700008P02Rik	NM_027048	-200809	0	0	0
884	1700008O03Rik	NM_027049	22275	0	1	0
885	Avpi1	NM_027106	1893	0	0	1
886	Klhdc2	NM_027117	57	1	1	0
887	Rnf157	NM_027258	16783	0	1	0
888	Ube2q1	NM_027315	26031	0	0	0
889	Ube2q1	NM_027315	94	1	1	0
890	Ube2q1	NM_027315	89	1	1	0
891	Gorasp2	NM_027352	-19	1	0	0
892	Afap1	NM_027373	49490	0	0	1
893	Steap1	NM_027399	-678746	0	0	0
894	Ica1l	NM_027407	-45	1	0	0
895	Ddo	NM_027442	-241	1	0	0
896	Pak4	NM_027470	9130	0	0	1
897	Ecd	NM_027475	19413	0	1	0
898	Pgrmc2	NM_027558	-802	1	0	0
899	Fancd2os	NM_027633	139	1	0	1
900	Hsfy2	NM_027661	-44388	0	0	0
901	Iqgap2	NM_027711	21376	0	0	1
902	Iqgap2	NM_027711	-100	1	0	0
903	Mfap3l	NM_027756	-41294	0	0	0
904	Fsip1	NM_027759	5312	0	1	0
905	5430402E10Rik	NM_027768	-32377	0	0	0
906	Afmid	NM_027827	-5437	0	0	1
907	Izumo4	NM_027829	-159	1	0	0
908	Isx	NM_027837	-301176	0	0	0
909	Armcx3	NM_027870	447	1	0	1
910	Tns1	NM_027884	74746	0	0	1
911	Ppp1r12a	NM_027892	-72365	0	0	0
912	Cfap45	NM_027972	8786	0	1	0
913	Lypd6b	NM_027990	85322	0	0	1
914	Cldn23	NM_027998	-67	1	0	0
915	Dnmbp	NM_028029	43416	0	0	1
916	Dnmbp	NM_028029	49892	0	0	1
917	Cnn3	NM_028044	-47318	0	0	0
918	Fundc1	NM_028058	-93037	0	0	0
919	Fundc1	NM_028058	-93033	0	0	0
920	Trmu	NM_028063	68503	0	0	1
921	Trmu	NM_028063	68481	0	0	1
922	Adpgk	NM_028121	-97318	0	0	0
923	1700021F07Rik	NM_028158	2183	0	0	1
924	Cdkn3	NM_028222	-50783	0	0	0
925	Faim2	NM_028224	22435	0	0	1
926	Shmt2	NM_028230	-2652	0	0	0
927	Zfp131	NM_028245	429	1	0	1
928	Col16a1	NM_028266	20660	0	1	0
929	Ccdc12	NM_028312	10059	0	0	1
930	Ccser2	NM_028407	15069	0	0	1
931	Smap1	NM_028534	2997	0	0	1
932	Vgll3	NM_028572	-190	1	0	0
933	Phf19	NM_028716	13958	0	0	1
934	Lmntd1	NM_028742	-44361	0	0	0
935	Rbm19	NM_028762	2303	0	1	0
936	Tmem43	NM_028766	20085	0	0	1
937	Sash3	NM_028773	-6322	0	0	0
938	Rnd3	NM_028810	1723	0	0	1
939	Gtf2e1	NM_028812	3716	0	1	0
940	1700017B05Rik	NM_028820	8715	0	1	0
941	Tc2n	NM_028924	31858	0	0	1
942	Zfp558	NM_028935	10212	0	0	1
943	Nipal3	NM_028995	9111	0	0	1
944	Spsb1	NM_029035	-15222	0	0	0
945	Pik3cb	NM_029094	-27085	0	0	0
946	Sepn1	NM_029100	-3184	0	0	0
947	Tmbim7	NM_029141	16505	0	0	1
948	Bcdin3d	NM_029236	-17647	0	0	0
949	Dynlrb2	NM_029297	-21270	0	0	0
950	Adad2	NM_029428	-95	1	0	0
951	Bcor	NM_029510	81237	0	0	0
952	Rap2a	NM_029519	-73410	0	0	1
953	0610040J01Rik	NM_029554	17320	0	0	1
954	Det1	NM_029585	9726	0	0	1
955	Pbp2	NM_029595	20788	0	0	0
956	Lhpp	NM_029609	39243	0	0	1
957	Prss23	NM_029614	-9732	0	0	0
958	Il34	NM_029646	18	1	1	0
959	Mfsd2a	NM_029662	35305	0	0	0
960	Ipo11	NM_029665	500	1	0	1
961	2410124H12Rik	NM_029740	-3248	0	0	0
962	Dok5	NM_029761	-35316	0	0	0
963	Unc5b	NM_029770	-49547	0	0	0
964	Pomgnt1	NM_029786	-181	1	0	0
965	Lrg1	NM_029796	1711	0	1	0
966	Bcl7a	NM_029850	414	1	0	1
967	Adamtsl2	NM_029981	9048	0	0	1
968	A930009A15Rik	NM_029982	-13507	0	0	1
969	Pigh	NM_029988	23946	0	1	0
970	Creb3l4	NM_030080	-3	1	0	0
971	Srbd1	NM_030133	186231	0	0	0
972	4930562C15Rik	NM_030192	-14290	0	0	0
973	Smim12	NM_030252	20068	0	0	0
974	Tusc3	NM_030254	-68351	0	0	0
975	Nbea	NM_030595	-97938	0	0	0
976	Nbea	NM_030595	-97917	0	0	0
977	Fgf16	NM_030614	545	1	0	1
978	Fgf16	NM_030614	554	1	0	1
979	Slc14a2	NM_030683	-47513	0	0	0
980	Slc14a2	NM_030683	-47543	0	0	0
981	Syt13	NM_030725	-64355	0	0	0
982	Sf3b1	NM_031179	322	1	0	1
983	Tfec	NM_031198	101396	0	0	0
984	Tsta3	NM_031201	1237	0	1	0
985	Pik3ap1	NM_031376	37058	0	0	1
986	Dock2	NM_033374	278	1	0	1
987	Dock2	NM_033374	253	1	0	1
988	Spred2	NM_033523	-392921	0	0	0
989	Spred2	NM_033523	40974	0	0	1
990	Cnnm2	NM_033569	32741	0	0	1
991	Amn	NM_033603	4213	0	0	1
992	Pard3	NM_033620	-38494	0	0	0
993	Lmx1a	NM_033652	222045	0	0	0
994	Olig3	NM_053008	886	1	1	0
995	Olig3	NM_053008	53108	0	0	0
996	Chrac1	NM_053068	5276	0	0	0
997	Atg5	NM_053069	385	1	0	1
998	Slc15a1	NM_053079	12735	0	0	1
999	Klhl1	NM_053105	798	1	1	0
1000	Lmod1	NM_053106	336	1	1	0
1001	Foxp2	NM_053242	-1422	0	0	0
1002	Antxr1	NM_054041	6808	0	0	1
1003	Rapgef1	NM_054050	-48964	0	0	0
1004	Pawr	NM_054056	89068	0	0	0
1005	Pawr	NM_054056	89136	0	0	0
1006	Prelp	NM_054077	-12641	0	0	0
1007	Alpk3	NM_054085	100	1	1	0
1008	Tshz2	NM_080455	-118039	0	0	0
1009	Sh3bgrl3	NM_080559	5249	0	1	0
1010	Emid1	NM_080595	-33754	0	0	0
1011	Cyp4f13	NM_130882	-4373	0	1	0
1012	Eps8l2	NM_133191	393	1	0	1
1013	Scn4a	NM_133199	8217	0	0	1
1014	Scn4a	NM_133199	8263	0	0	1
1015	Pdk2	NM_133667	5020	0	0	1
1016	Pold3	NM_133692	-15639	0	0	0
1017	Nol11	NM_133702	104	1	1	0
1018	Opa1	NM_133752	193543	0	0	0
1019	Errfi1	NM_133753	23644	0	0	0
1020	D1Ertd622e	NM_133825	649	1	0	1
1021	D1Ertd622e	NM_133825	-137	1	0	0
1022	Creb1	NM_133828	-23649	0	0	0
1023	Gltscr2	NM_133831	209	1	1	0
1024	Rdh10	NM_133832	18	1	1	0
1025	C8b	NM_133882	-124992	0	0	1
1026	Lrrc8c	NM_133897	47670	0	0	1
1027	Sdsl	NM_133902	18037	0	0	0
1028	Pxn	NM_133915	8818	0	0	1
1029	Pxn	NM_133915	8789	0	0	1
1030	Pxn	NM_133915	8790	0	0	1
1031	Rpn1	NM_133933	32706	0	0	0
1032	Plekha1	NM_133942	162	1	0	1
1033	Unc45a	NM_133952	6038	0	1	0
1034	Rhou	NM_133955	298	1	0	1
1035	Cd276	NM_133983	3501	0	1	0
1036	Nt5m	NM_134029	44047	0	0	0
1037	Fam83h	NM_134087	-20693	0	0	0
1038	Fam19a5	NM_134096	-401	1	0	1
1039	Ildr1	NM_134109	15029	0	0	1
1040	Kctd1	NM_134112	-24568	0	0	0
1041	Galnt10	NM_134189	50847	0	0	1
1042	Vmn1r-ps103	NM_134211	-5802	0	0	0
1043	Kif2c	NM_134471	-4543	0	0	0
1044	Otud5	NM_138604	614	1	1	0
1045	Ppp1r3f	NM_138605	-119	1	0	1
1046	Dgkg	NM_138650	84614	0	1	0
1047	Dgkg	NM_138650	84631	0	1	0
1048	Dgkg	NM_138650	84624	0	1	0
1049	Atp12a	NM_138652	-49516	0	0	0
1050	Mvd	NM_138656	161	1	0	1
1051	Socs7	NM_138657	41617	0	0	0
1052	Lrrc4	NM_138682	321	1	1	1
1053	Defb7	NM_139220	40396	0	0	0
1054	Galnt2	NM_139272	46798	0	0	1
1055	Sh3glb2	NM_139302	34778	0	0	1
1056	Vasn	NM_139307	8057	0	0	1
1057	2900011O08Rik	NM_144518	-3197	0	0	1
1058	Cdkal1	NM_144536	78118	0	0	1
1059	Trib2	NM_144551	-369350	0	0	0
1060	Trib2	NM_144551	-369308	0	0	0
1061	Cbx7	NM_144811	13884	0	1	0
1062	Fam49b	NM_144846	-118622	0	0	1
1063	Nrbp2	NM_144847	2836	0	0	1
1064	Adamtsl4	NM_144899	4364	0	0	1
1065	Tmem45b	NM_144936	-119586	0	0	0
1066	Spsb4	NM_145134	62080	0	0	1
1067	Spsb4	NM_145134	62057	0	0	1
1068	Mgl2	NM_145137	9210	0	0	0
1069	Pomt1	NM_145145	-10349	0	1	0
1070	Wasf3	NM_145155	731	1	0	1
1071	Btbd2	NM_145361	-190	1	0	0
1072	Wfdc5	NM_145369	4218	0	1	0
1073	Slc44a3	NM_145394	-13184	0	0	0
1074	Shisa2	NM_145463	80543	0	0	1
1075	Shisa2	NM_145463	80554	0	0	1
1076	Tbc1d22a	NM_145476	7575	0	0	1
1077	Zfp521	NM_145492	317525	0	0	0
1078	Btbd3	NM_145534	772	1	0	1
1079	Ccm2l	NM_145536	6157	0	1	0
1080	Sbk1	NM_145587	19622	0	1	0
1081	Sbk1	NM_145587	19633	0	1	0
1082	Sbk1	NM_145587	19614	0	1	0
1083	Sbk1	NM_145587	19829	0	1	0
1084	Sbk1	NM_145587	19625	0	1	0
1085	Sbk1	NM_145587	19855	0	1	0
1086	Sbk1	NM_145587	19641	0	1	0
1087	Sbk1	NM_145587	19862	0	1	0
1088	Sbk1	NM_145587	19945	0	1	0
1089	Sbk1	NM_145587	19957	0	1	0
1090	Sbk1	NM_145587	19602	0	1	0
1091	Sbk1	NM_145587	20105	0	1	0
1092	Sbk1	NM_145587	20107	0	1	0
1093	Sbk1	NM_145587	19843	0	1	0
1094	Sbk1	NM_145587	19973	0	1	0
1095	Sbk1	NM_145587	19816	0	1	0
1096	Sbk1	NM_145587	19767	0	1	0
1097	Sbk1	NM_145587	19774	0	1	0
1098	Sbk1	NM_145587	19860	0	1	0
1099	Sbk1	NM_145587	729	1	0	1
1100	Sbk1	NM_145587	19646	0	1	0
1101	Chmp1a	NM_145606	-17	1	0	0
1102	Veph1	NM_145820	-219142	0	0	0
1103	Lin28a	NM_145833	5602	0	0	1
1104	Il17d	NM_145837	21545	0	0	0
1105	Rell1	NM_145923	-13577	0	0	0
1106	Pttg1ip	NM_145925	-9099	0	0	0
1107	Enox2	NM_145951	80	1	1	0
1108	Arhgap9	NM_146011	3228	0	1	0
1109	Lrrc3b	NM_146052	-121192	0	0	0
1110	Prr5	NM_146061	-26888	0	0	0
1111	Zadh2	NM_146090	157976	0	0	1
1112	Zadh2	NM_146090	130236	0	0	1
1113	Habp2	NM_146101	-110405	0	0	0
1114	Tmem185b	NM_146103	15227	0	0	0
1115	Cnst	NM_146105	106	1	0	1
1116	Cacnb4	NM_146123	35067	0	0	1
1117	Itpka	NM_146125	1905	0	0	1
1118	Ipo13	NM_146152	-117	1	0	0
1119	Vopp1	NM_146168	300	1	0	1
1120	Tspan33	NM_146173	1991	0	0	1
1121	Ccdc106	NM_146178	222	1	1	0
1122	Slc5a11	NM_146198	-14927	0	0	0
1123	Mmgt1	NM_146234	-14	1	0	0
1124	Mmgt1	NM_146234	-11	1	0	0
1125	Rp1l1	NM_146246	29545	0	1	0
1126	Olfr1370	NM_146535	18434	0	0	0
1127	Rps6ka3	NM_148945	-2101	0	0	0
1128	Dicer1	NM_148948	-9577	0	0	0
1129	Gipc3	NM_148951	2067	0	1	0
1130	Plk2	NM_152804	169399	0	0	0
1131	Cdc5l	NM_152810	76945	0	0	0
1132	Kdm5b	NM_152895	-3466	0	0	0
1133	Kcnq3	NM_152923	40271	0	0	1
1134	Prss42	NM_153099	-15476	0	0	0
1135	Padi6	NM_153106	20389	0	1	0
1136	Padi6	NM_153106	20373	0	1	0
1137	Padi6	NM_153106	20372	0	1	0
1138	Oplah	NM_153122	288	1	0	1
1139	Traf3ip3	NM_153137	10033	0	0	1
1140	Rab11fip3	NM_153140	13752	0	0	1
1141	Slc25a1	NM_153150	466	1	0	1
1142	Cpne5	NM_153166	48319	0	0	1
1143	Gpr156	NM_153394	-16423	0	0	0
1144	Mical3	NM_153396	36316	0	0	1
1145	Syne1	NM_153399	4614	0	0	1
1146	Ago1	NM_153403	-22385	0	1	0
1147	Ankrd23	NM_153502	-5179	0	0	1
1148	Clstn3	NM_153508	-12236	0	0	0
1149	Tns2	NM_153533	15272	0	0	1
1150	Aldh1l2	NM_153543	79432	0	0	0
1151	Mboat1	NM_153546	-13392	0	0	0
1152	Mboat1	NM_153546	45414	0	0	1
1153	Katnal1	NM_153572	7290	0	1	0
1154	Atg4d	NM_153583	44	1	1	0
1155	Nars2	NM_153591	-43424	0	1	0
1156	Nars2	NM_153591	-43437	0	1	0
1157	Snx17	NM_153680	496	1	0	1
1158	Dnmt3a	NM_153743	26310	0	0	0
1159	Scarf2	NM_153790	6506	0	1	0
1160	Cpne7	NM_170684	13983	0	0	1
1161	Sidt2	NM_172257	186	1	1	0
1162	Vps18	NM_172269	8612	0	1	0
1163	Plcg2	NM_172285	29950	0	0	1
1164	Nup133	NM_172288	-9149	0	0	1
1165	Slc36a4	NM_172289	-16	1	0	0
1166	Dmrta2	NM_172296	3997	0	1	0
1167	Ube2z	NM_172300	1466	0	0	1
1168	Tmem125	NM_172383	-11006	0	1	0
1169	Zfp536	NM_172385	-2454	0	0	0
1170	Smndc1	NM_172429	-14340	0	0	0
1171	Tbc1d25	NM_172478	29	1	1	0
1172	Prrt3	NM_172487	6510	0	1	0
1173	Sepsecs	NM_172490	-1135	0	0	0
1174	Diaph2	NM_172493	537547	0	0	1
1175	Cobl	NM_172496	-291584	0	0	0
1176	Nhlrc3	NM_172501	10689	0	1	0
1177	Arhgef19	NM_172520	4104	0	1	0
1178	Megf11	NM_172522	-92	1	0	0
1179	Megf11	NM_172522	-119	1	0	0
1180	Hlf	NM_172563	42970	0	0	1
1181	Hlf	NM_172563	42996	0	0	1
1182	Hlf	NM_172563	21707	0	0	1
1183	Mpped1	NM_172610	-432	1	0	0
1184	Sh3tc2	NM_172628	-1117	0	0	0
1185	Mapk4	NM_172632	900	1	0	1
1186	Dars2	NM_172644	-51	1	0	0
1187	Slc2a6	NM_172659	2062	0	1	0
1188	Prrc2b	NM_172661	440	1	0	1
1189	Tlk1	NM_172664	-13420	0	0	0
1190	Uba6	NM_172712	232	1	0	1
1191	Adap1	NM_172723	405	1	0	1
1192	Fgd5	NM_172731	1074	0	1	0
1193	Mtmr10	NM_172742	-72	1	0	0
1194	Dmxl2	NM_172771	-1451	0	0	0
1195	Slc22a29	NM_172776	-67197	0	0	0
1196	Lrp11	NM_172784	220	1	1	0
1197	Sh3rf3	NM_172788	-3675	0	0	0
1198	Zfp462	NM_172867	63711	0	1	0
1199	Ttc34	NM_172878	-53926	0	0	0
1200	Man2a2	NM_172903	30	1	1	0
1201	D8Ertd82e	NM_172911	69140	0	0	0
1202	D8Ertd82e	NM_172911	9109	0	1	0
1203	D8Ertd82e	NM_172911	69163	0	0	0
1204	Abcc12	NM_172912	334466	0	0	0
1205	Nlgn3	NM_172932	193	1	0	1
1206	BC048403	NM_173022	45645	0	1	0
1207	Rbbp8nl	NM_173031	217	1	0	1
1208	Tbcel	NM_173038	15582	0	0	1
1209	Tbcel	NM_173038	35159	0	0	1
1210	Tbcel	NM_173038	35080	0	1	0
1211	Speer2	NM_173069	947730	0	0	0
1212	Jazf1	NM_173406	679	1	0	1
1213	Fam110b	NM_173426	119078	0	0	1
1214	Klhdc7a	NM_173427	-53298	0	0	0
1215	Nrip1	NM_173440	-165451	0	0	0
1216	Rccd1	NM_173445	-1765	0	0	1
1217	Tdrp	NM_173744	42	1	1	0
1218	Lgalsl	NM_173752	1953	0	0	1
1219	Mrps27	NM_173757	14524	0	0	1
1220	Slc45a1	NM_173774	-24088	0	0	0
1221	Bcor	NM_175046	-11305	0	0	1
1222	Tnks	NM_175091	22596	0	0	1
1223	Tnks	NM_175091	22548	0	0	1
1224	Stbd1	NM_175096	-188	1	0	0
1225	Chst8	NM_175140	191	1	1	0
1226	Stox2	NM_175162	-33238	0	0	0
1227	Arhgap26	NM_175164	88846	0	0	1
1228	Arhgap26	NM_175164	193628	0	0	1
1229	Arhgap26	NM_175164	80	1	1	0
1230	Fam53b	NM_175268	60185	0	0	1
1231	Fam53b	NM_175268	60217	0	0	1
1232	Fam53b	NM_175268	60182	0	0	1
1233	Rassf10	NM_175279	354	1	1	0
1234	Nlrp4f	NM_175290	-36450	0	0	0
1235	Ano6	NM_175344	39280	0	0	1
1236	Ano6	NM_175344	39279	0	0	1
1237	Exoc6	NM_175353	-54645	0	0	0
1238	4933402P03Rik	NM_175368	2867	0	0	0
1239	2700081O15Rik	NM_175381	5406	0	1	0
1240	2700081O15Rik	NM_175381	6069	0	1	0
1241	2700081O15Rik	NM_175381	6099	0	1	0
1242	2700081O15Rik	NM_175381	6105	0	1	0
1243	2700081O15Rik	NM_175381	6093	0	1	0
1244	2700081O15Rik	NM_175381	6065	0	1	0
1245	Rbfox2	NM_175387	-20807	0	0	0
1246	Coro2b	NM_175484	-15967	0	0	0
1247	5830411N06Rik	NM_175533	-12042	0	0	0
1248	Xylt1	NM_175645	316942	0	0	0
1249	Dmrta1	NM_175647	-37807	0	0	0
1250	Hist1h2ba	NM_175663	2813	0	0	0
1251	C030006K11Rik	NM_176828	-1134	0	1	0
1252	P3h4	NM_176830	634	1	1	0
1253	Fbxo2	NM_176848	32422	0	0	0
1254	Pld5	NM_176916	-91	1	0	0
1255	Dusp4	NM_176933	-79760	0	0	0
1256	6430573F11Rik	NM_176952	-112793	0	0	0
1257	Galm	NM_176963	2340	0	0	1
1258	Galm	NM_176963	-7570	0	0	0
1259	Trappc8	NM_177038	324	1	0	1
1260	Sp8	NM_177082	-9789	0	0	0
1261	Dmrt3	NM_177360	13460	0	0	0
1262	Dmrt3	NM_177360	276	1	1	0
1263	Tnfsf15	NM_177371	3080	0	0	1
1264	Cyp3a44	NM_177380	-23477	0	0	0
1265	Tram2	NM_177409	-42	1	0	0
1266	Dars	NM_177445	-39659	0	0	0
1267	Dars	NM_177445	-39656	0	0	0
1268	Slfnl1	NM_177570	-15333	0	1	0
1269	Iqcj	NM_177585	717	1	0	1
1270	Ulk4	NM_177589	128057	0	0	1
1271	Mkx	NM_177595	14460	0	0	1
1272	Secisbp2l	NM_177608	-10159	0	0	0
1273	Vgll4	NM_177683	-8392	0	0	0
1274	Mb21d2	NM_177718	-71639	0	0	0
1275	Ppp1r3b	NM_177741	-118732	0	0	0
1276	Ccdc60	NM_177759	95647	0	0	1
1277	Ccdc60	NM_177759	95639	0	0	1
1278	Ccdc60	NM_177759	95667	0	0	1
1279	Lhfpl4	NM_177763	1394	0	1	0
1280	Smtnl2	NM_177776	15010	0	0	1
1281	Smtnl2	NM_177776	14993	0	0	1
1282	Trpa1	NM_177781	-176861	0	0	0
1283	Zfp236	NM_177832	-269	1	0	0
1284	Cpa6	NM_177834	89414	0	0	1
1285	Fam163a	NM_177838	183	1	1	0
1286	E130311K13Rik	NM_177856	30690	0	0	0
1287	Sdk1	NM_177879	-99532	0	0	0
1288	Sdk1	NM_177879	103078	0	0	1
1289	Pigk	NM_178016	-7784	0	0	0
1290	Prom2	NM_178047	2781	0	0	1
1291	Aifm2	NM_178058	-4418	0	0	0
1292	Arel1	NM_178065	689	1	0	1
1293	Lcorl	NM_178142	208	1	0	1
1294	Hapln3	NM_178255	18201	0	1	0
1295	Cox10	NM_178379	68494	0	0	1
1296	E2f7	NM_178609	5834	0	0	1
1297	Lpp	NM_178665	-200364	0	0	0
1298	Ubxn10	NM_178671	48778	0	0	0
1299	Ubxn10	NM_178671	48772	0	0	0
1300	Zfp365	NM_178679	107847	0	0	0
1301	Zfp365	NM_178679	2976	0	1	0
1302	Zfp365	NM_178679	3148	0	1	0
1303	Zfp438	NM_178722	-93827	0	0	0
1304	Prr18	NM_178774	433	1	1	0
1305	Bcorl1	NM_178782	3569	0	0	1
1306	Trappc9	NM_180662	-35	1	0	0
1307	Anks1b	NM_181398	120121	0	0	1
1308	Cmbl	NM_181588	-137	1	0	0
1309	Cmbl	NM_181588	-147	1	0	0
1310	Cmbl	NM_181588	-138	1	0	0
1311	Cmbl	NM_181588	-174	1	0	0
1312	Ppp1r9a	NM_181595	237	1	0	1
1313	Adm2	NM_182928	-1416	0	0	0
1314	Arhgef4	NM_183019	-79834	0	0	0
1315	A430033K04Rik	NM_183025	24495	0	1	0
1316	Pcmtd1	NM_183028	85	1	1	0
1317	Zfp516	NM_183033	-38714	0	0	0
1318	4931429L15Rik	NM_183104	-123451	0	0	0
1319	Elfn2	NM_183141	46118	0	1	0
1320	Zfp598	NM_183149	9407	0	1	0
1321	Fat4	NM_183221	1023	0	1	0
1322	Smim5	NM_183259	-8804	0	0	0
1323	Nr2f2	NM_183261	-521140	0	0	0
1324	Coa4	NM_183270	2055	0	1	0
1325	Dhrs13	NM_183286	354	1	1	0
1326	Slc12a1	NM_183354	-1544	0	0	0
1327	Pbx1	NM_183355	215858	0	0	1
1328	Qrfp	NM_183424	-13179	0	0	1
1329	Glra2	NM_183427	140465	0	0	1
1330	Calu	NM_184053	280	1	0	1
1331	Esrp1	NM_194055	2763	0	0	1
1332	Foxo6	NM_194060	20098	0	1	0
1333	Foxo6	NM_194060	20060	0	1	0
1334	Foxo6	NM_194060	20057	0	1	0
1335	Foxo6	NM_194060	20067	0	1	0
1336	Foxo6	NM_194060	20062	0	1	0
1337	Scyl2	NM_198021	15226	0	0	1
1338	Tbkbp1	NM_198100	3004	0	0	1
1339	Exoc8	NM_198103	1215	0	1	0
1340	Lrrc24	NM_198119	3787	0	1	0
1341	Zbtb40	NM_198248	7695	0	0	1
1342	Tanc1	NM_198294	-48471	0	0	0
1343	1700016K19Rik	NM_198637	-22934	0	0	0
1344	Cdh26	NM_198656	236439	0	0	0
1345	Tfap2e	NM_198960	3388	0	0	1
1346	Dpp10	NM_199021	1120010	0	0	0
1347	3110062M04Rik	NM_199145	14	1	1	0
1348	Jade3	NM_199317	-34374	0	0	0
1349	Plec	NM_201394	3581	0	0	1
1350	Gnas	NM_201617	2091	0	1	1
1351	Gnas	NM_201617	2073	0	1	1
1352	Gnas	NM_201617	2076	0	1	1
1353	Gnas	NM_201617	2064	0	1	1
1354	Synm	NM_201639	196	1	1	0
1355	Chrm2	NM_203491	-97990	0	0	0
1356	H2-Ab1	NM_207105	1383	0	0	1
1357	Cebpe	NM_207131	168	1	1	0
1358	Acap3	NM_207223	11554	0	1	0
1359	Arl5c	NM_207231	-3303	0	0	0
1360	Man1c1	NM_207237	70737	0	0	1
1361	Tmsb15l	NM_207267	140	1	0	1
1362	Ccdc87	NM_207268	100	1	1	0
1363	Osbpl1a	NM_207530	968	1	0	1
1364	Vmn1r64	NM_207544	14008	0	0	0
1365	Pla2g2a	NR_002926	-4262	0	0	1
1366	Pla2g2a	NR_002926	-4288	0	0	1
1367	Neat1	NR_003513	-8273	0	0	1
1368	H2afy3	NR_003523	38088	0	0	1
1369	B430010I23Rik	NR_015457	-31838	0	1	0
1370	LOC100043315	NR_015482	-79513	0	0	1
1371	A530013C23Rik	NR_015500	62824	0	0	0
1372	A530013C23Rik	NR_015500	54132	0	0	0
1373	A530013C23Rik	NR_015500	117843	0	0	0
1374	5930412G12Rik	NR_015517	18736	0	0	1
1375	1700030C10Rik	NR_015521	265	1	1	0
1376	1700030C10Rik	NR_015521	290	1	1	0
1377	4933400F21Rik	NR_015540	-102869	0	0	1
1378	9530036O11Rik	NR_015562	-538	1	0	1
1379	1700012D14Rik	NR_015573	-410	1	0	0
1380	4933432I09Rik	NR_015575	-8588	0	1	0
1381	1700008J07Rik	NR_024331	6811	0	0	0
1382	Zfp389	NR_026798	-78	1	0	0
1383	4933432I09Rik	NR_027843	34703	0	0	0
1384	4933432I09Rik	NR_027843	34642	0	0	0
1385	BB123696	NR_027893	2564	0	0	1
1386	2900060B14Rik	NR_027901	-66106	0	1	0
1387	1700029M20Rik	NR_027909	28142	0	0	0
1388	9130230L23Rik	NR_027961	-14942	0	1	0
1389	1700020N01Rik	NR_027968	-98673	0	0	0
1390	2210417A02Rik	NR_028285	68760	0	0	0
1391	Fance	NR_028297	-15125	0	1	0
1392	Dubr	NR_028300	-25217	0	0	0
1393	4930503E24Rik	NR_028310	83263	0	0	0
1394	A930004D18Rik	NR_028376	-2114	0	0	0
1395	Gm17762	NR_028378	-1043	0	1	0
1396	Gm2176	NR_028424	-69324	0	0	1
1397	Gm2176	NR_028424	-23162	0	0	0
1398	Gm2176	NR_028424	-3951	0	0	0
1399	Snord12	NR_028540	19901	0	0	0
1400	Snord12	NR_028540	36955	0	1	0
1401	Snord85	NR_028565	-23955	0	0	1
1402	Gm14005	NR_028590	44365	0	0	1
1403	5330413P13Rik	NR_029381	1699	0	0	1
1404	A530088E08Rik	NR_029458	-6251	0	1	0
1405	A530088E08Rik	NR_029458	-6268	0	1	0
1406	A530088E08Rik	NR_029458	-6263	0	1	0
1407	A530088E08Rik	NR_029458	-6240	0	1	0
1408	A530088E08Rik	NR_029458	-6249	0	1	0
1409	Mirlet7i	NR_029527	31023	0	0	0
1410	Mir34a	NR_029751	-1075	0	0	0
1411	Mir200c	NR_029792	-97	1	0	0
1412	Mir218-2	NR_029799	-228104	0	0	1
1413	Mir9-3	NR_029818	3572	0	0	1
1414	Mir762	NR_030428	-45	1	1	0
1415	Mir717	NR_030497	48217	0	0	1
1416	Mir721	NR_030500	-20597	0	0	1
1417	Mir574	NR_030577	24162	0	0	1
1418	Gm10789	NR_033476	7188	0	0	0
1419	4931406H21Rik	NR_033492	47227	0	0	1
1420	Wiz	NR_033525	-2997	0	1	0
1421	Gm14812	NR_033544	9870	0	0	1
1422	Spn-ps	NR_033583	-22665	0	0	0
1423	Kif4-ps	NR_033653	55368	0	0	0
1424	Gm7550	NR_033689	-51339	0	0	0
1425	Mir669h	NR_035418	405897	0	0	0
1426	Mir1893	NR_035446	68744	0	0	0
1427	Mir1929	NR_035450	22190	0	0	0
1428	Mir1932	NR_035453	12453	0	0	0
1429	Mir1956	NR_035481	70050	0	0	0
1430	Mir1982	NR_035503	6628	0	1	0
1431	Gm4814	NR_036451	-9795	0	1	0
1432	Mir3085	NR_037246	8820	0	0	0
1433	Mir3085	NR_037246	8857	0	0	0
1434	Mir3089	NR_037272	22886	0	0	0
1435	Mir3108	NR_037295	-35908	0	0	1
1436	E030025P04Rik	NR_037978	-49240	0	0	0
1437	Platr26	NR_037979	16243	0	0	0
1438	Platr22	NR_037986	35256	0	0	0
1439	Gm20268	NR_037989	113601	0	0	0
1440	5530401A14Rik	NR_038010	49176	0	0	1
1441	C730036E19Rik	NR_038011	-50478	0	0	0
1442	Gm20110	NR_038019	-71378	0	0	0
1443	Gm20125	NR_038020	476659	0	0	0
1444	Cxcl11	NR_038116	-24120	0	0	1
1445	4930474N09Rik	NR_038130	-38020	0	0	1
1446	1700042G15Rik	NR_038179	25138	0	0	0
1447	Mir5101	NR_039560	106180	0	0	1
1448	Mir5101	NR_039560	106156	0	0	1
1449	2210408F21Rik	NR_040261	-10554	0	0	0
1450	9330179D12Rik	NR_040274	-3351	0	1	0
1451	AI646519	NR_040330	3936	0	0	0
1452	A230028O05Rik	NR_040374	-320	1	0	0
1453	1810021B22Rik	NR_040417	7927	0	1	0
1454	1810021B22Rik	NR_040417	6108	0	1	0
1455	1810021B22Rik	NR_040417	6122	0	1	0
1456	1810021B22Rik	NR_040417	6151	0	1	0
1457	1700047G03Rik	NR_040447	-16578	0	0	0
1458	Gm10007	NR_040449	-301807	0	0	1
1459	Gm10007	NR_040449	-301756	0	0	1
1460	Gm10007	NR_040449	-301792	0	0	1
1461	1600002D24Rik	NR_040485	36021	0	0	1
1462	1810053B23Rik	NR_040486	202772	0	0	0
1463	1700080N15Rik	NR_040500	122634	0	0	0
1464	4930405A21Rik	NR_040505	16455	0	1	0
1465	1700028P15Rik	NR_040509	89619	0	0	0
1466	1700028P15Rik	NR_040509	-26028	0	0	0
1467	1700049E22Rik	NR_040525	5250	0	0	1
1468	1700049E22Rik	NR_040525	-118763	0	0	0
1469	4930433B08Rik	NR_040544	-165621	0	0	0
1470	9430019J16Rik	NR_040635	273657	0	0	0
1471	4930556G01Rik	NR_040655	636565	0	0	0
1472	4930500L23Rik	NR_040701	-7343	0	0	0
1473	6030466F02Rik	NR_040702	17649	0	0	0
1474	B930018H19Rik	NR_040706	17987	0	0	1
1475	B930018H19Rik	NR_040706	232532	0	0	0
1476	4930428G15Rik	NR_040730	18847	0	0	0
1477	4930428G15Rik	NR_040730	230805	0	0	0
1478	Gm5122	NR_040767	-25576	0	0	0
1479	Gm20187	NR_045052	54372	0	0	0
1480	A330076C08Rik	NR_045088	18393	0	1	0
1481	Gm8633	NR_045179	-134797	0	0	0
1482	A830082K12Rik	NR_045195	-34648	0	0	1
1483	5430437J10Rik	NR_045274	315225	0	0	0
1484	B230214G05Rik	NR_045281	66072	0	0	0
1485	B230214G05Rik	NR_045281	-190736	0	0	0
1486	B230214G05Rik	NR_045281	-69105	0	0	0
1487	Rptoros	NR_045313	26818	0	0	1
1488	4933411E08Rik	NR_045342	22347	0	1	0
1489	4933411E08Rik	NR_045342	-36540	0	0	0
1490	1700030O20Rik	NR_045345	28116	0	0	0
1491	4930545H06Rik	NR_045357	-110007	0	1	0
1492	4921531P14Rik	NR_045361	39962	0	0	0
1493	D730045A05Rik	NR_045390	-34621	0	0	1
1494	4930452A19Rik	NR_045433	49526	0	0	0
1495	Bcor	NR_045434	275	1	0	1
1496	Bcor	NR_045434	23561	0	1	1
1497	2010106C02Rik	NR_045435	-14422	0	0	1
1498	B630019K06Rik	NR_045448	284	1	1	0
1499	B630019K06Rik	NR_045448	274	1	1	0
1500	B630019K06Rik	NR_045448	303	1	1	0
1501	B630019K06Rik	NR_045448	291	1	1	0
1502	4933433H22Rik	NR_045458	40977	0	0	0
1503	4933402C06Rik	NR_045504	-140322	0	0	0
1504	Slc35c2	NR_045544	-13981	0	0	1
1505	5930403L14Rik	NR_045643	38166	0	0	1
1506	D030025E07Rik	NR_045704	-173336	0	0	0
1507	D030025E07Rik	NR_045704	-173341	0	0	0
1508	Nron	NR_045729	-49630	0	0	1
1509	4933400L20Rik	NR_045730	198152	0	0	0
1510	1700030F04Rik	NR_045731	176138	0	0	0
1511	1700060C16Rik	NR_045732	-182007	0	1	0
1512	4930486I03Rik	NR_045734	121781	0	0	1
1513	Gm19299	NR_045748	37275	0	0	0
1514	4930505G20Rik	NR_045761	-240589	0	0	1
1515	4930505G20Rik	NR_045761	-240566	0	0	1
1516	4930505G20Rik	NR_045761	-240609	0	0	1
1517	4930417O22Rik	NR_045806	-27694	0	0	0
1518	4930417O22Rik	NR_045806	-27673	0	0	0
1519	4930548G14Rik	NR_045811	151551	0	0	0
1520	A430090L17Rik	NR_045836	170792	0	0	1
1521	Gm17746	NR_045844	90556	0	0	0
1522	7420701I03Rik	NR_045860	-310022	0	0	0
1523	2310008N11Rik	NR_045904	167388	0	0	0
1524	1700128A07Rik	NR_045938	135661	0	0	0
1525	4930432J09Rik	NR_045953	73304	0	0	0
1526	4930432J09Rik	NR_045953	73256	0	0	0
1527	Gm16938	NR_045970	-14790	0	0	1
1528	1700003P14Rik	NR_045982	-45866	0	0	0
1529	C530044C16Rik	NR_045984	32810	0	0	1
1530	Gm11981	NR_046025	-44014	0	0	0
1531	Gm10445	NR_046063	156780	0	0	0
1532	Gm5086	NR_046157	91750	0	0	0
1533	Gm16863	NR_046162	-25738	0	0	0
1534	Bcas3os2	NR_046194	-24398	0	0	1
1535	D730050B12Rik	NR_046196	-44331	0	0	0
1536	Rn45s	NR_046233	1619	0	1	0
1537	Rn45s	NR_046233	1904	0	1	0
1538	A930016O22Rik	NR_073015	-4810	0	1	0
1539	4932415M13Rik	NR_073205	55659	0	0	0
1540	4930453L07Rik	NR_073360	281815	0	0	1
1541	4930453L07Rik	NR_073360	281831	0	0	1
1542	2610027K06Rik	NR_077059	21670	0	0	1
1543	D830026I12Rik	NR_102305	-28704	0	0	0
1544	Ano4	NR_102339	-87192	0	0	0
1545	Ano4	NR_102339	-87236	0	0	0
1546	AW112010	NR_102366	11644	0	0	0
1547	Gm2087	NR_102437	-135905	0	0	0
