	name	feature.name	dist.to.feature	prom	exon	intron
1	Itprip	NM_001001738	22645	0	1	0
2	2510009E07Rik	NM_001001881	98718	0	0	1
3	Rpl17	NM_001002239	249	1	0	1
4	Rab44	NM_001002786	41212	0	0	1
5	Ddx11	NM_001003919	145555	0	0	0
6	Zfp619	NM_001004139	34913	0	0	0
7	Fam222a	NM_001004180	43747	0	1	0
8	Barhl2	NM_001005477	-103404	0	0	0
9	Lmtk3	NM_001005511	9827	0	1	0
10	Mtus1	NM_001005863	36306	0	0	1
11	Tceanc	NM_001007577	273	1	0	1
12	Fndc3c1	NM_001007580	73	1	1	0
13	Armcx5	NM_001009575	188	1	1	0
14	Fut10	NM_001012517	32002	0	0	1
15	Osm	NM_001013365	-4025	0	0	0
16	Tmem151b	NM_001013749	4705	0	1	0
17	Tmem151b	NM_001013749	2471	0	0	1
18	Maml2	NM_001013813	-5569	0	0	0
19	4930404N11Rik	NM_001014836	2008	0	1	0
20	Snx13	NM_001014973	142692	0	0	0
21	C2cd3	NM_001017985	31957	0	0	1
22	Mctp2	NM_001024703	849957	0	0	0
23	Triobp	NM_001024716	-5894	0	0	1
24	Maf	NM_001025577	348785	0	0	0
25	Maf	NM_001025577	389003	0	0	1
26	Kcnj6	NM_001025590	6519	0	0	1
27	Kcnj6	NM_001025590	6550	0	0	1
28	Pdzd4	NM_001029868	339	1	1	0
29	Kcnk15	NM_001030292	-2394	0	0	0
30	Olfm4	NM_001030294	267876	0	0	0
31	Olfm4	NM_001030294	267866	0	0	0
32	Fbxo33	NM_001033156	-212055	0	0	0
33	5730507C01Rik	NM_001033157	662014	0	0	0
34	Naa11	NM_001033191	68282	0	0	0
35	Nlrc5	NM_001033207	878	1	0	1
36	Calr4	NM_001033226	-14839	0	0	0
37	Cblb	NM_001033238	203739	0	0	0
38	Gm266	NM_001033248	-178	1	0	0
39	Agap2	NM_001033263	882	1	1	0
40	Espnl	NM_001033292	-8872	0	0	1
41	Carmil2	NM_001033320	3307	0	1	0
42	Mmp25	NM_001033339	1133	0	1	0
43	Lrrc30	NM_001033340	119901	0	0	0
44	Cdc42bpg	NM_001033342	-8787	0	1	0
45	Gal3st4	NM_001033416	-3157	0	0	1
46	Gal3st4	NM_001033416	-3200	0	1	0
47	Thoc2	NM_001033422	851	1	0	1
48	Gm884	NM_001033434	13679	0	0	1
49	Gm884	NM_001033434	49826	0	0	1
50	Lsmem1	NM_001033437	22574	0	1	0
51	Wdr72	NM_001033500	167381	0	0	1
52	Mef2a	NM_001033713	-70637	0	0	0
53	Gm5820	NM_001033789	-5964	0	0	1
54	Adamts17	NM_001033877	88152	0	0	1
55	Ak2	NM_001033966	24170	0	0	0
56	Limk2	NM_001034030	2803	0	1	1
57	Limk2	NM_001034030	2875	0	0	1
58	Fam134b	NM_001034851	-57619	0	0	1
59	Bpifb4	NM_001034875	2024	0	1	0
60	Ermard	NM_001034891	93727	0	0	0
61	Agap1	NM_001037136	30615	0	0	1
62	Ripply2	NM_001037907	1814	0	0	1
63	Ets1	NM_001038642	140696	0	0	0
64	Faim2	NM_001038658	-16444	0	0	0
65	Defb25	NM_001039122	8085	0	0	0
66	Rreb1	NM_001039188	19450	0	0	1
67	Trim46	NM_001039466	943	1	1	0
68	Tex40	NM_001039494	-918	1	1	0
69	Tex40	NM_001039494	-913	1	1	0
70	Edem3	NM_001039644	124517	0	0	0
71	Slc39a2	NM_001039676	3203	0	0	0
72	Tet2	NM_001040400	92188	0	0	0
73	Flot2	NM_001040403	12712	0	0	1
74	Txnrd1	NM_001042513	-11843	0	0	1
75	Txnrd1	NM_001042523	9104	0	0	1
76	Lhx9	NM_001042577	9757	0	0	1
77	Arrdc4	NM_001042592	-110599	0	0	0
78	Smad7	NM_001042660	52864	0	0	0
79	Smad7	NM_001042660	17328	0	0	1
80	Prl2c1	NM_001045532	64117	0	0	0
81	Tulp2	NM_001045555	2936	0	1	0
82	Cntnap5a	NM_001077425	-1868920	0	0	0
83	Zbtb33	NM_001079513	49	1	1	0
84	Trim72	NM_001079932	656	1	0	1
85	Tmpo	NM_001080129	-100993	0	0	0
86	Fam65c	NM_001080708	3244	0	0	1
87	Gtf2i	NM_001080746	-18189	0	0	0
88	Gtf2i	NM_001080746	-18226	0	0	0
89	Prdm13	NM_001080771	-1805	0	0	0
90	Gm1123	NM_001080776	-51459	0	0	1
91	B230217C12Rik	NM_001080935	-14062	0	0	1
92	Pdzd2	NM_001081064	-15773	0	0	0
93	Armc3	NM_001081083	74258	0	0	1
94	Zfp362	NM_001081098	16143	0	1	0
95	Arhgap36	NM_001081123	142	1	1	0
96	Arhgap36	NM_001081123	190	1	1	0
97	Prrg3	NM_001081135	-550	1	0	0
98	Mdga1	NM_001081160	35287	0	1	0
99	Mdga1	NM_001081160	35362	0	1	0
100	Mdga1	NM_001081160	35373	0	1	0
101	Lama5	NM_001081171	5384	0	0	1
102	Gabrr3	NM_001081190	-22042	0	0	0
103	2410131K14Rik	NM_001081236	49393	0	0	0
104	Fam65a	NM_001081241	-11109	0	0	0
105	Fam65a	NM_001081241	-11100	0	0	0
106	Tln2	NM_001081242	-46336	0	0	0
107	Tshz1	NM_001081300	14200	0	0	1
108	Trio	NM_001081302	102084	0	0	1
109	Pik3r4	NM_001081309	56115	0	1	0
110	Pik3r4	NM_001081309	56086	0	1	0
111	Sipa1l2	NM_001081337	17639	0	0	1
112	Cep164	NM_001081373	86004	0	1	0
113	1810013L24Rik	NM_001081400	383375	0	0	0
114	Camta1	NM_001081557	270584	0	0	1
115	Dytn	NM_001081658	81629	0	0	0
116	Gm5150	NM_001081687	-45671	0	0	0
117	Tmprss9	NM_001081688	6312	0	1	0
118	Nfix	NM_001081981	31686	0	0	1
119	Magi1	NM_001083321	214612	0	0	1
120	Ptchd2	NM_001083342	31147	0	1	0
121	Xirp2	NM_001083919	-45971	0	0	0
122	Arid1b	NM_001085355	-229135	0	0	0
123	Arid1b	NM_001085355	-3803	0	0	0
124	Arid1b	NM_001085355	-3778	0	0	0
125	1600014C10Rik	NM_001085385	-9022	0	0	0
126	Kif26a	NM_001097621	31671	0	1	0
127	Trerf1	NM_001097623	4327	0	0	1
128	Pik3c2b	NM_001099276	25729	0	0	1
129	R3hdml	NM_001099331	21323	0	0	1
130	Rapgef2	NM_001099624	798403	0	0	0
131	Pklr	NM_001099779	11294	0	1	0
132	Smim24	NM_001099917	11841	0	1	0
133	Gsg1l	NM_001101488	122201	0	0	1
134	Stx16	NM_001102423	-89126	0	0	0
135	Stx16	NM_001102423	-89105	0	0	0
136	Zfp185	NM_001109043	136	1	1	0
137	Bach2	NM_001109661	-173992	0	0	0
138	Kazn	NM_001109684	30310	0	0	1
139	Kazn	NM_001109684	30277	0	0	1
140	Kazn	NM_001109685	-333236	0	0	0
141	Kazn	NM_001109685	-12370	0	0	0
142	Sv2b	NM_001109753	237830	0	0	0
143	Banp	NM_001110100	105296	0	0	0
144	Cdca2	NM_001110162	121176	0	0	0
145	Kif1a	NM_001110315	19496	0	1	0
146	Runx1	NM_001111021	1108	0	0	1
147	Arhgef10l	NM_001112723	64550	0	0	1
148	Ebf3	NM_001113414	16198	0	0	1
149	Schip1	NM_001113420	-59335	0	0	1
150	Serbp1	NM_001113564	36513	0	1	0
151	Epha7	NM_001122889	-962097	0	0	0
152	Tfap2a	NM_001122948	79144	0	0	0
153	Prdm12	NM_001123362	-3878	0	0	0
154	Arhgef1	NM_001130152	13872	0	0	1
155	P4ha2	NM_001136076	19088	0	0	1
156	Zfp935	NM_001136496	20781	0	0	0
157	Usp51	NM_001137547	648	1	0	1
158	Usp51	NM_001137547	629	1	0	1
159	Usp51	NM_001137547	643	1	0	1
160	Rbm43	NM_001141982	62766	0	0	0
161	Tcf7l2	NM_001142924	102407	0	0	0
162	Tcf7l2	NM_001142924	133834	0	0	0
163	1500009L16Rik	NM_001145198	236753	0	0	0
164	Use1	NM_001145780	-32264	0	0	1
165	Brinp3	NM_001145807	324767	0	0	1
166	Lrp4	NM_001145857	16547	0	0	1
167	Adtrp	NM_001145875	-8134	0	0	0
168	Tiam1	NM_001145887	-45344	0	0	1
169	Tenm3	NM_001145937	-13635	0	0	0
170	Lgals3	NM_001145953	11841	0	1	0
171	Homer3	NM_001146153	-4666	0	0	0
172	Homer3	NM_001146153	-4668	0	0	0
173	Homer3	NM_001146153	-4652	0	0	0
174	Homer3	NM_001146153	-4651	0	0	0
175	Smoc1	NM_001146217	276	1	1	0
176	Cnp	NM_001146318	268	1	1	1
177	Meis2	NM_001159569	16948	0	0	1
178	Araf	NM_001159645	-28934	0	0	0
179	Dut	NM_001159646	-43858	0	0	1
180	Proser2	NM_001159657	29577	0	1	0
181	Nectin2	NM_001159724	-6772	0	1	0
182	Sec16b	NM_001159986	14560	0	0	1
183	Celf2	NM_001160292	-102154	0	0	1
184	Celf2	NM_001160292	-102177	0	0	1
185	Ccdc112	NM_001160399	-5919	0	0	0
186	Nol4	NM_001161483	96612	0	0	1
187	Islr2	NM_001161541	-16092	0	1	0
188	Tmem116	NM_001161626	8709	0	0	1
189	Kif26b	NM_001161665	179134	0	0	1
190	Ptk2b	NM_001162365	16037	0	0	1
191	Troap	NM_001162506	1840	0	0	1
192	Mapre2	NM_001162942	-17335	0	0	0
193	Hcrtr1	NM_001163027	8107	0	1	0
194	Begain	NM_001163175	-47121	0	0	0
195	Trpc4ap	NM_001163452	-9279	0	0	0
196	Trpc4ap	NM_001163452	-9254	0	0	0
197	Wnt7b	NM_001163634	15860	0	0	1
198	Chn2	NM_001163640	-18516	0	0	0
199	Chn2	NM_001163640	-18498	0	0	0
200	Dok5	NM_001163686	158373	0	0	0
201	C530008M17Rik	NM_001163793	16895	0	1	0
202	Pdik1l	NM_001163794	990	1	0	1
203	Ly6e	NM_001164038	-19606	0	0	0
204	Nfatc1	NM_001164111	44901	0	0	1
205	Xrra1	NM_001164258	44257	0	0	1
206	Plekhs1	NM_001164263	-24829	0	1	0
207	Nt5c2	NM_001164363	-8186	0	1	0
208	Irf2bp2	NM_001164598	672	1	1	0
209	Amigo2	NM_001164602	-225136	0	0	0
210	Amigo2	NM_001164602	-137128	0	1	0
211	Amigo2	NM_001164602	-225312	0	0	0
212	Amigo2	NM_001164602	-130144	0	0	1
213	Rnf14	NM_001164621	-12	1	1	0
214	Tmem29	NM_001164683	-28259	0	0	0
215	Fam47c	NM_001164739	-59713	0	0	0
216	Hephl1	NM_001164797	-56986	0	0	0
217	Bend4	NM_001164806	32475	0	1	0
218	Cldn14	NM_001165926	-27981	0	0	1
219	Rgs9	NM_001165934	16594	0	0	1
220	Rgs9	NM_001165934	16583	0	0	1
221	Pogz	NM_001165948	-17666	0	0	0
222	Rfx3	NM_001166414	76505	0	0	1
223	Slc38a1	NM_001166458	-15448	0	0	0
224	Klhl33	NM_001166651	800	1	1	0
225	Vps50	NM_001167751	86732	0	0	1
226	Ankrd7	NM_001167757	722862	0	0	0
227	Col6a5	NM_001167923	-50256	0	0	1
228	Fam83h	NM_001168253	5168	0	1	0
229	Fam83h	NM_001168253	362	1	0	1
230	Tifab	NM_001168615	-15800	0	0	0
231	Rbm20	NM_001170847	20976	0	0	1
232	Camk2b	NM_001174053	41101	0	0	1
233	Myc	NM_001177353	-57795	0	0	0
234	Gm6760	NM_001177377	-8323	0	0	0
235	Gm4340	NM_001177535	-3303	0	0	0
236	Gm4340	NM_001177535	-3303	0	0	0
237	Gm4340	NM_001177535	-3303	0	0	0
238	Gm4340	NM_001177535	-3303	0	0	0
239	Gm4340	NM_001177535	-3303	0	0	0
240	Zfp616	NM_001177570	-5355	0	0	0
241	Slc25a13	NM_001177572	83820	0	0	1
242	Esp23	NM_001177582	-65038	0	0	0
243	Slc45a3	NM_001177628	-8647	0	0	0
244	Slc45a3	NM_001177628	-8642	0	0	0
245	Slc45a3	NM_001177628	-8645	0	0	0
246	Mfrp	NM_001190314	324	1	1	0
247	Ndfip2	NM_001190989	-40427	0	0	0
248	Ccdc7a	NM_001197041	116283	0	0	0
249	Rpl34-ps1	NM_001199350	-97519	0	0	0
250	Apbb2	NM_001201415	91452	0	0	1
251	Rapgef4	NM_001204166	2073	0	0	1
252	Hdac7	NM_001204278	-31453	0	0	1
253	Hdac7	NM_001204278	-31538	0	0	1
254	Jdp2	NM_001205053	38167	0	0	1
255	Iffo2	NM_001205173	-18514	0	0	1
256	Arhgap27	NM_001205236	8253	0	0	1
257	Gramd4	NM_001205353	16036	0	0	1
258	Hk3	NM_001206391	15858	0	1	0
259	Slc4a10	NM_001242381	-34	1	0	0
260	A630023A22Rik	NM_001251843	-4492	0	0	0
261	Mest	NM_001252293	-13421	0	0	0
262	Fam19a5	NM_001252310	26127	0	0	1
263	Slc6a15	NM_001252330	242119	0	0	0
264	Sorcs1	NM_001252501	81773	0	0	1
265	Sulf2	NM_001252578	56981	0	0	1
266	Zmynd8	NM_001252587	-43147	0	0	0
267	Tbc1d7	NM_001252639	-40327	0	0	1
268	Ssx2ip	NM_001253770	1889	0	0	1
269	Irx3	NM_001253822	-54574	0	0	0
270	Atp2c1	NM_001253831	9294	0	0	1
271	Tet1	NM_001253857	-7164	0	0	0
272	Tcf12	NM_001253865	-43450	0	0	0
273	Ncor2	NM_001253904	-4685	0	0	0
274	7530416G11Rik	NM_001256072	-4507	0	0	0
275	7530416G11Rik	NM_001256072	-4513	0	0	0
276	7530416G11Rik	NM_001256072	-4489	0	0	0
277	7530416G11Rik	NM_001256072	-4510	0	0	0
278	Mtif3	NM_001256101	5445	0	0	1
279	Agap3	NM_001256431	33147	0	0	1
280	C330006A16Rik	NM_001256522	697	1	1	0
281	Ankra2	NM_001271388	18613	0	0	0
282	Enox2	NM_001271451	-43700	0	0	0
283	Il15ra	NM_001271499	5037	0	0	1
284	Cdc7	NM_001271566	87386	0	0	0
285	Setmar	NM_001276356	-199161	0	0	0
286	Dag1	NM_001276486	-4026	0	0	0
287	Chd7	NM_001277149	163806	0	1	0
288	Acr	NM_001277247	-20415	0	1	0
289	Grip1	NM_001277292	-404	1	0	0
290	Gm11780	NM_001277919	-27029	0	0	0
291	Disp1	NM_001278220	-17151	0	0	1
292	Adam10	NM_007399	124767	0	1	0
293	Adora2b	NM_007413	-8212	0	0	0
294	Adrb2	NM_007420	-8873	0	0	0
295	Apc	NM_007462	-68218	0	0	0
296	Rplp0	NM_007475	-23427	0	0	1
297	Arx	NM_007492	12463	0	0	0
298	Ass1	NM_007494	-90507	0	0	0
299	Cxcr5	NM_007551	-24965	0	0	0
300	Cxcr5	NM_007551	-24999	0	0	0
301	Bmp7	NM_007557	-1931	0	0	0
302	Ctnnb1	NM_007614	-1040	0	0	0
303	Cdkn2c	NM_007671	7823	0	0	0
304	Socs3	NM_007707	20097	0	0	0
305	Cnr1	NM_007726	-146	1	0	0
306	Cnr1	NM_007726	-167950	0	0	0
307	Col4a4	NM_007735	58666	0	0	1
308	Col7a1	NM_007738	-4208	0	1	0
309	Cox7c	NM_007749	-1081698	0	0	0
310	Cox8b	NM_007751	-2118	0	0	0
311	Crhr1	NM_007762	-60023	0	0	0
312	Cyp3a13	NM_007819	6041	0	1	0
313	Dnase1l3	NM_007870	63039	0	1	0
314	Reep5	NM_007874	10529	0	0	1
315	Arid3a	NM_007880	7405	0	0	1
316	Edn2	NM_007902	50676	0	0	0
317	Edn2	NM_007902	-149387	0	0	1
318	Edn3	NM_007903	140931	0	0	0
319	Edn3	NM_007903	52764	0	0	0
320	Elf3	NM_007921	40677	0	0	0
321	Eln	NM_007925	16106	0	0	1
322	Eln	NM_007925	-7022	0	0	0
323	Emp2	NM_007929	-25323	0	0	0
324	Enc1	NM_007930	-4001	0	0	0
325	Eng	NM_007932	15977	0	0	1
326	Epha8	NM_007939	-38735	0	1	0
327	Epha8	NM_007939	-38800	0	1	0
328	Epha8	NM_007939	-8361	0	0	0
329	Esr1	NM_007956	9336	0	0	1
330	Esr1	NM_007956	9416	0	0	1
331	Esr1	NM_007956	9365	0	0	1
332	Mecom	NM_007963	35760	0	0	1
333	Fer	NM_008000	-103	1	0	1
334	Foxm1	NM_008021	2892	0	1	0
335	Fzd7	NM_008057	2294	0	1	0
336	Gata2	NM_008090	1981	0	1	0
337	Gata3	NM_008091	3958	0	1	0
338	Mtpn	NM_008098	36189	0	0	0
339	Gjb1	NM_008124	7487	0	1	0
340	Gnat2	NM_008141	-46	1	0	0
341	Gp5	NM_008148	2345	0	1	0
342	Rhpn1	NM_008164	19867	0	0	0
343	Rhpn1	NM_008164	19856	0	0	0
344	Grid1	NM_008166	9849	0	0	1
345	Grm8	NM_008174	19860	0	0	1
346	Foxj1	NM_008240	-19233	0	0	1
347	Foxj1	NM_008240	-19331	0	1	0
348	Foxj1	NM_008240	-19184	0	0	1
349	Foxj1	NM_008240	-19332	0	1	0
350	Hoxa4	NM_008265	1195	0	1	1
351	Hoxa4	NM_008265	1112	0	1	1
352	Hsd17b3	NM_008291	94910	0	0	0
353	Irf8	NM_008320	56492	0	0	0
354	Ifng	NM_008337	117983	0	0	0
355	Il1b	NM_008361	-34002	0	0	0
356	Kcne1	NM_008424	1946	0	0	1
357	Kcnu1	NM_008432	60524	0	0	1
358	Lamb2	NM_008483	1987	0	1	0
359	Anpep	NM_008486	-7095	0	0	0
360	Mycl	NM_008506	4024	0	1	0
361	Sh2b3	NM_008507	7805	0	1	0
362	Epcam	NM_008532	-32181	0	0	0
363	Smad1	NM_008539	12168	0	0	1
364	Smad6	NM_008542	51527	0	0	1
365	Foxc1	NM_008592	154161	0	0	1
366	Mitf	NM_008601	25817	0	0	1
367	Myom2	NM_008664	468270	0	0	0
368	Ngp	NM_008694	21059	0	0	1
369	Nog	NM_008711	-37912	0	0	0
370	Notch1	NM_008714	-22666	0	0	0
371	Nrtn	NM_008738	4193	0	0	1
372	Nrtn	NM_008738	4195	0	0	1
373	P2rx1	NM_008771	-112	1	0	0
374	Pdha2	NM_008811	699747	0	0	0
375	Pet2	NM_008821	92094	0	0	0
376	Prkci	NM_008857	34447	0	0	1
377	Plg	NM_008877	40190	0	0	1
378	Phox2b	NM_008888	2592	0	1	0
379	Phox2b	NM_008888	43618	0	1	0
380	Por	NM_008898	23359	0	0	1
381	Pipox	NM_008952	-3468	0	0	0
382	Ptch2	NM_008958	8842	0	0	1
383	Ptgfr	NM_008966	-122061	0	0	0
384	Ptgir	NM_008967	3488	0	1	0
385	Ptma	NM_008972	-45391	0	0	0
386	Ptp4a3	NM_008975	7388	0	1	0
387	Rcvrn	NM_009038	-47989	0	0	1
388	Rela	NM_009045	12158	0	0	0
389	Rit2	NM_009065	328856	0	0	1
390	Rpl29	NM_009082	4322	0	0	1
391	Rps6ka1	NM_009097	13117	0	0	1
392	Rxrg	NM_009107	8948	0	0	1
393	Atxn1	NM_009124	92630	0	0	1
394	Scrg1	NM_009136	-19262	0	0	0
395	Selplg	NM_009151	-14223	0	0	1
396	Scg5	NM_009162	28262	0	0	1
397	Shfm1	NM_009169	72033	0	0	0
398	Slc22a12	NM_009203	-22295	0	0	0
399	Sos1	NM_009231	-17174	0	0	0
400	Sox3	NM_009237	63	1	1	0
401	Svs5	NM_009301	1530	0	1	0
402	Tac1	NM_009311	59111	0	0	0
403	Tff1	NM_009362	2302	0	1	0
404	Tff1	NM_009362	2316	0	1	0
405	Tiam1	NM_009384	5911	0	0	1
406	Tkt	NM_009388	-19551	0	0	0
407	Tle3	NM_009389	62021	0	0	0
408	Ttk	NM_009445	-3147	0	0	0
409	Ucp1	NM_009463	-31402	0	0	1
410	Nrsn1	NM_009513	99168	0	0	1
411	Wnt11	NM_009519	25070	0	0	0
412	Plagl1	NM_009538	56	1	1	0
413	Zfpm1	NM_009569	27395	0	0	1
414	Zfpm1	NM_009569	27345	0	0	1
415	Zic3	NM_009575	1510	0	1	0
416	Adam2	NM_009618	-12329	0	0	1
417	Adcy8	NM_009623	95879	0	0	1
418	Avil	NM_009635	5027	0	0	1
419	Avil	NM_009635	5835	0	1	0
420	Ahnak	NM_009643	1011	0	0	1
421	Ap3b1	NM_009680	78808	0	0	1
422	Apaf1	NM_009684	116675	0	0	1
423	Neurog2	NM_009718	722	1	1	0
424	Bcl6	NM_009744	-5484	0	0	0
425	Casp14	NM_009809	18283	0	0	0
426	Runx1	NM_009821	91513	0	1	0
427	Runx1	NM_009821	91511	0	1	0
428	Noct	NM_009834	-181765	0	0	0
429	Noct	NM_009834	23442	0	1	0
430	Noct	NM_009834	-15072	0	0	0
431	Entpd1	NM_009848	3971	0	0	1
432	Cdh5	NM_009868	-245990	0	0	0
433	Cdh5	NM_009868	-245996	0	0	0
434	Celsr1	NM_009886	54899	0	1	0
435	Cnr2	NM_009924	2936	0	0	1
436	Drp2	NM_010078	26995	0	0	1
437	E2f3	NM_010093	44629	0	0	1
438	E2f3	NM_010093	44650	0	0	1
439	S1pr3	NM_010101	-15645	0	0	0
440	S1pr4	NM_010102	899	1	1	0
441	Efna5	NM_010109	135738	0	0	1
442	Adgre1	NM_010130	25160	0	0	1
443	Ephb2	NM_010142	5807	0	0	1
444	Ephb3	NM_010143	41466	0	0	0
445	Erf	NM_010155	4467	0	1	0
446	Ext1	NM_010162	49396	0	0	1
447	Ctgf	NM_010217	55897	0	1	0
448	Aktip	NM_010241	-40874	0	0	0
449	Fzd9	NM_010246	-7473	0	0	0
450	Fzd9	NM_010246	-7447	0	0	0
451	Fzd9	NM_010246	-29441	0	0	0
452	Gpd2	NM_010274	60	1	1	1
453	Gdnf	NM_010275	-7641	0	0	0
454	Gfra1	NM_010279	65524	0	0	1
455	Gjb5	NM_010291	-61701	0	0	0
456	Gng4	NM_010317	-9412	0	0	1
457	Gng4	NM_010317	-9437	0	0	1
458	Gpr50	NM_010340	-1749	0	0	0
459	Gsr	NM_010344	13095	0	0	1
460	Gsr	NM_010344	-699	1	0	0
461	Gsr	NM_010344	-849	1	0	0
462	Gsr	NM_010344	-825	1	0	0
463	Hey1	NM_010423	-50749	0	0	0
464	Hmx1	NM_010445	-12685	0	0	0
465	Hoxa2	NM_010451	-3943	0	0	0
466	Hoxa2	NM_010451	-3939	0	0	0
467	Hoxa2	NM_010451	-3963	0	0	0
468	Hoxa2	NM_010451	-3985	0	0	0
469	Hoxa5	NM_010453	-257	1	0	1
470	Hrc	NM_010473	6626	0	0	1
471	Htr5b	NM_010483	26916	0	1	0
472	Slc6a4	NM_010484	-23421	0	0	1
473	Igf1r	NM_010513	18869	0	0	1
474	Il10	NM_010548	-16230	0	0	0
475	Il16	NM_010551	12871	0	1	0
476	Il6ra	NM_010559	11720	0	0	1
477	Jund	NM_010592	-3885	0	0	0
478	Kap	NM_010594	15227	0	0	0
479	Kap	NM_010594	15180	0	0	0
480	Kif12	NM_010616	-14512	0	0	0
481	Klf12	NM_010636	-158728	0	0	0
482	Krt27	NM_010666	-4596	0	0	0
483	Lcp2	NM_010696	7843	0	0	1
484	Lef1	NM_010703	-16018	0	0	0
485	Lhx4	NM_010712	-1017	0	0	0
486	Lmx1b	NM_010725	55419	0	0	1
487	Muc13	NM_010739	-1355	0	0	0
488	Mageb1	NM_010759	-20174	0	0	0
489	Mageb1	NM_010759	-20174	0	0	0
490	Grap2	NM_010815	22705	0	1	0
491	Ncf1	NM_010876	3996	0	0	1
492	Ncf1	NM_010876	3950	0	1	0
493	Ndp	NM_010883	-39259	0	0	0
494	Neurog1	NM_010896	29623	0	0	0
495	Nnmt	NM_010924	-105501	0	0	1
496	Osmr	NM_011019	-76390	0	0	0
497	Pax2	NM_011037	-72952	0	0	0
498	Prkce	NM_011104	48545	0	0	1
499	Pon1	NM_011134	99270	0	0	1
500	Ppard	NM_011145	-6846	0	1	0
501	Prep	NM_011156	29200	0	0	1
502	Prlr	NM_011169	-30547	0	0	0
503	Ptpn1	NM_011201	-192	1	0	0
504	Rad51	NM_011234	145	1	1	0
505	Rnf4	NM_011278	16	1	1	0
506	Rnf7	NM_011279	-21517	0	0	0
507	Sub1	NM_011294	-43535	0	0	0
508	Scnn1g	NM_011326	1149	0	0	1
509	Spi1	NM_011355	401	1	0	1
510	Spi1	NM_011355	386	1	0	1
511	Spi1	NM_011355	351	1	0	1
512	Six4	NM_011382	9489	0	1	0
513	Slc2a1	NM_011400	-35741	0	0	0
514	Snai1	NM_011427	24020	0	0	0
515	Sod3	NM_011435	-3401	0	0	0
516	Sorl1	NM_011436	130774	0	0	1
517	Thbs2	NM_011581	53391	0	0	0
518	Thbs4	NM_011582	20644	0	0	1
519	Cd40	NM_011611	10102	0	0	1
520	Nr2c1	NM_011629	3822	0	0	1
521	Plscr1	NM_011636	3524	0	0	1
522	Plscr1	NM_011636	3477	0	0	1
523	Tsn	NM_011650	237803	0	0	0
524	Tuba1a	NM_011653	2175	0	1	0
525	Vcam1	NM_011693	-18900	0	0	0
526	Vwf	NM_011708	50897	0	0	1
527	Dctn6	NM_011722	13498	0	0	1
528	Dctn6	NM_011722	13497	0	0	1
529	Mkrn3	NM_011746	-149	1	0	0
530	Zfp90	NM_011764	20120	0	0	0
531	Ikzf3	NM_011771	3216	0	0	1
532	Cdc6	NM_011799	1172	0	0	1
533	Gpc6	NM_011821	-8358	0	0	0
534	Hs2st1	NM_011828	170668	0	0	0
535	Mmp17	NM_011846	-4051	0	0	0
536	Tenm1	NM_011855	-155522	0	0	0
537	Spry1	NM_011896	-26180	0	0	0
538	Spry4	NM_011898	58704	0	0	0
539	Spry4	NM_011898	-42521	0	0	0
540	Lypla2	NM_011942	2953	0	1	0
541	Psg18	NM_011963	-34151	0	0	0
542	Psmb3	NM_011971	15375	0	1	0
543	Psmb3	NM_011971	15382	0	1	0
544	Psmb3	NM_011971	14757	0	1	0
545	Dpysl4	NM_011993	-65016	0	0	1
546	Arhgef28	NM_012026	33916	0	0	1
547	St6galnac5	NM_012028	-140091	0	0	0
548	Etv3	NM_012051	-25292	0	1	0
549	Etv3	NM_012051	-25278	0	1	0
550	Btk	NM_013482	-545	1	0	0
551	Spsb2	NM_013539	2640	0	1	0
552	Hsph1	NM_013559	24714	0	1	0
553	Lifr	NM_013584	10279	0	0	1
554	Cxcl12	NM_013655	-81221	0	0	0
555	Tcte1	NM_013688	-5564	0	0	1
556	Tcte1	NM_013688	-5582	0	0	1
557	Txk	NM_013698	11	1	1	1
558	Podxl	NM_013723	1793	0	0	1
559	Phlda3	NM_013750	-5883	0	0	0
560	Csnk1e	NM_013767	15756	0	1	0
561	Epb41l3	NM_013813	-4222	0	0	0
562	Rasal1	NM_013832	-5072	0	0	0
563	Ror1	NM_013845	80107	0	0	1
564	Ermap	NM_013848	476	1	0	1
565	Tpk1	NM_013861	-254475	0	0	0
566	Spdef	NM_013891	10357	0	0	1
567	Kdm2b	NM_013910	-30304	0	0	1
568	Apln	NM_013912	1246	0	0	1
569	Hnf4g	NM_013920	-382613	0	0	0
570	Hunk	NM_015755	32410	0	0	1
571	Dlc1	NM_015802	51233	0	0	0
572	Hs6st1	NM_015818	-7641	0	0	0
573	Hs6st1	NM_015818	5367	0	0	1
574	Hs6st1	NM_015818	5389	0	0	1
575	Hpcal1	NM_016677	257357	0	0	0
576	Hpcal1	NM_016677	302751	0	0	0
577	Pbx3	NM_016768	-18699	0	0	0
578	Smad3	NM_016769	17672	0	0	1
579	Tpmt	NM_016785	61	1	1	0
580	Pdlim3	NM_016798	-27396	0	0	0
581	Chst3	NM_016803	35568	0	1	0
582	Rgl1	NM_016846	11784	0	0	1
583	Rgl1	NM_016846	11740	0	0	1
584	Rgl1	NM_016846	11755	0	0	1
585	Stac	NM_016853	-89582	0	0	0
586	Ppp1r3c	NM_016854	1747	0	0	1
587	Ppp1r3c	NM_016854	20286	0	0	0
588	Atoh7	NM_016864	35684	0	1	0
589	Stk39	NM_016866	95092	0	0	1
590	Insm1	NM_016889	-817	1	0	0
591	Esd	NM_016903	100591	0	0	1
592	Ostf1	NM_017375	16153	0	0	1
593	Sept9	NM_017380	-18914	0	0	1
594	Rab11a	NM_017382	64414	0	0	1
595	Cntn6	NM_017383	299163	0	0	1
596	Zfp326	NM_018759	101851	0	0	0
597	Bri3	NM_018772	3069	0	0	1
598	Bri3	NM_018772	3060	0	0	1
599	Bri3	NM_018772	3059	0	0	1
600	Bri3	NM_018772	3110	0	0	1
601	Bri3	NM_018772	3068	0	0	1
602	Bri3	NM_018772	3053	0	0	1
603	Bri3	NM_018772	3109	0	0	1
604	Sgsh	NM_018822	4449	0	0	1
605	Akr1e1	NM_018859	-220848	0	0	0
606	Adgrg1	NM_018882	2018	0	0	1
607	Irx4	NM_018885	87	1	1	0
608	Ppp2ca	NM_019411	-21684	0	0	1
609	Epb41l4b	NM_019427	59950	0	0	1
610	Epb41l4b	NM_019427	59814	0	0	1
611	Ammecr1	NM_019496	-531	1	0	0
612	Uchl5	NM_019562	86	1	1	0
613	Uchl5	NM_019562	84	1	1	0
614	Uchl5	NM_019562	102	1	1	0
615	Uchl5	NM_019562	97	1	1	0
616	Uchl5	NM_019562	77	1	1	0
617	Rev1	NM_019570	-265662	0	0	1
618	Rev1	NM_019570	-265672	0	0	1
619	Rev1	NM_019570	-265761	0	0	1
620	Ykt6	NM_019661	32268	0	0	1
621	Syncrip	NM_019666	-556	1	0	0
622	Kcnd2	NM_019697	-664733	0	0	0
623	Tmem115	NM_019704	-13370	0	0	1
624	Cdh13	NM_019707	332100	0	0	1
625	Rybp	NM_019743	-98477	0	0	0
626	Pdcd10	NM_019745	90397	0	0	0
627	Mtch2	NM_019758	134	1	1	0
628	Mtch2	NM_019758	182	1	1	0
629	Mtch2	NM_019758	151	1	1	0
630	Mtch2	NM_019758	157	1	1	0
631	Mtch2	NM_019758	155	1	1	0
632	Cpb2	NM_019775	-49666	0	0	1
633	Ikbke	NM_019777	4259	0	0	1
634	Pex14	NM_019781	24590	0	0	1
635	Pex14	NM_019781	24626	0	0	1
636	Tbk1	NM_019786	-4376	0	0	1
637	Tbk1	NM_019786	150	1	0	1
638	Dnaja2	NM_019794	-45005	0	0	0
639	B4galt5	NM_019835	-23151	0	0	0
640	Tlx3	NM_019916	274	1	1	0
641	Gpr132	NM_019925	-5720	0	0	0
642	Pmfbp1	NM_019938	-24837	0	0	0
643	Selk	NM_019979	-89717	0	0	0
644	B3galt2	NM_020025	-331978	0	0	0
645	Zbtb33	NM_020256	-9715	0	0	0
646	Hhip	NM_020259	82942	0	1	0
647	Dkk2	NM_020265	-165776	0	0	0
648	B3galt1	NM_020283	132863	0	0	1
649	Ank	NM_020332	62148	0	0	1
650	Sap30bp	NM_020483	16379	0	0	1
651	Srd5a3	NM_020611	-60429	0	0	0
652	Kit	NM_021099	3981	0	0	1
653	Kit	NM_021099	4011	0	0	1
654	Piwil1	NM_021311	56282	0	0	1
655	Wdr4	NM_021322	55693	0	0	1
656	Caln1	NM_021371	293537	0	0	1
657	Bcl11b	NM_021399	28223	0	0	1
658	Stk4	NM_021420	11184	0	0	1
659	Shank3	NM_021423	23819	0	0	1
660	Shank3	NM_021423	23847	0	0	1
661	Shank3	NM_021423	23825	0	0	1
662	Shank3	NM_021423	23829	0	0	1
663	Shank3	NM_021423	23815	0	0	1
664	Shank3	NM_021423	23861	0	0	1
665	Shank3	NM_021423	27060	0	0	1
666	Shank3	NM_021423	23822	0	0	1
667	Nectin1	NM_021424	44383	0	0	1
668	Crbn	NM_021449	-339796	0	0	0
669	Arhgap23	NM_021493	13484	0	1	0
670	Anapc5	NM_021505	19258	0	0	1
671	Chst12	NM_021528	3466	0	0	1
672	Nrip2	NM_021717	888	1	0	1
673	Smoc1	NM_022316	-7613	0	0	0
674	Herpud1	NM_022331	-8753	0	0	0
675	Slc13a2	NM_022411	-1181	0	0	0
676	Lpin2	NM_022882	-50736	0	0	0
677	Slc30a5	NM_022885	-116914	0	0	0
678	Slc30a5	NM_022885	-27899	0	0	0
679	Pmepa1	NM_022995	-2666	0	0	0
680	Sdhb	NM_023374	10693	0	0	1
681	Muc2	NM_023566	-1968	0	0	0
682	Esm1	NM_023612	467	1	1	0
683	Etv5	NM_023794	9202	0	0	1
684	Riok1	NM_024242	43912	0	0	0
685	Cars2	NM_024248	11929	0	0	1
686	Arl2bp	NM_024269	6071	0	1	0
687	1500015O10Rik	NM_024283	-40734	0	0	0
688	Morf4l1	NM_024431	29844	0	0	0
689	Nudt7	NM_024446	-32459	0	0	0
690	Col26a1	NM_024474	79803	0	0	1
691	Rsph1	NM_025290	20573	0	0	1
692	Btd	NM_025295	19683	0	0	1
693	Tmem167	NM_025335	94027	0	0	0
694	Tmem57	NM_025382	95	1	1	0
695	Tm4sf20	NM_025453	6581	0	0	1
696	Tmed6	NM_025458	-3546	0	0	0
697	1700020L24Rik	NM_025492	5140	0	1	0
698	Gmpr	NM_025508	113418	0	0	1
699	Gmpr	NM_025508	38781	0	1	0
700	Gmpr	NM_025508	38573	0	1	0
701	Commd5	NM_025536	-9171	0	1	0
702	Cyb5b	NM_025558	-3293	0	0	0
703	Fam136a	NM_025591	-21561	0	0	0
704	Cul7	NM_025611	7100	0	0	1
705	Tceanc2	NM_025617	25017	0	0	1
706	Mis18a	NM_025642	111843	0	0	0
707	Rpe	NM_025683	-41215	0	0	1
708	Asb17	NM_025758	-24283	0	0	0
709	Bcl2l14	NM_025778	31988	0	0	1
710	Bcl2l14	NM_025778	-134544	0	1	0
711	Plbd1	NM_025806	-59194	0	0	1
712	Proz	NM_025834	836	1	0	1
713	Tmem261	NM_025849	-1011286	0	0	1
714	Fam210b	NM_025912	9381	0	1	0
715	Fam210b	NM_025912	446	1	0	1
716	Cdt1	NM_026014	-3015	0	0	0
717	Srfbp1	NM_026040	51	1	1	0
718	Srfbp1	NM_026040	10	1	1	0
719	Srfbp1	NM_026040	33	1	1	0
720	Srfbp1	NM_026040	19	1	1	0
721	Eri1	NM_026067	-36660	0	0	0
722	Klhl13	NM_026167	278039	0	0	0
723	Mettl16	NM_026197	-22752	0	0	0
724	Gramd3	NM_026240	50394	0	0	1
725	Necap1	NM_026267	74	1	1	0
726	Dusp6	NM_026268	57870	0	0	0
727	Dusp6	NM_026268	7590	0	0	0
728	Armc12	NM_026290	8083	0	1	0
729	Armc12	NM_026290	-6743	0	0	0
730	Snx2	NM_026386	3524	0	0	1
731	Pop5	NM_026398	-612	1	0	0
732	Asprv1	NM_026414	141	1	1	0
733	Saraf	NM_026432	162460	0	0	0
734	Ccdc70	NM_026459	2647	0	1	0
735	Tctn2	NM_026486	452	1	1	0
736	Etaa1	NM_026576	-244283	0	0	0
737	Bcas2	NM_026602	47519	0	0	0
738	Fam135a	NM_026604	-7902	0	0	0
739	Prps2	NM_026662	-54579	0	0	0
740	Tspan11	NM_026743	-21563	0	0	0
741	Mocos	NM_026779	13472	0	0	1
742	Smyd2	NM_026796	-23459	0	0	0
743	Xrcc6bp1	NM_026858	11625	0	0	1
744	Pygo2	NM_026869	-184	1	0	0
745	Rasl11b	NM_026878	-22729	0	0	0
746	Hmgb4	NM_027036	-43505	0	0	0
747	1700008P02Rik	NM_027048	-200809	0	0	0
748	1700008O03Rik	NM_027049	22275	0	1	0
749	Avpi1	NM_027106	1893	0	0	1
750	Klhdc2	NM_027117	57	1	1	0
751	Nmrk2	NM_027120	-10539	0	1	0
752	Tmbim1	NM_027154	4949	0	0	1
753	Polr2i	NM_027259	1468	0	0	0
754	Zdhhc25	NM_027306	-62926	0	0	0
755	Ube2q1	NM_027315	26031	0	0	0
756	Taf15	NM_027427	-672	1	0	0
757	Armc9	NM_027456	74114	0	0	1
758	Pak4	NM_027470	9130	0	0	1
759	Fancd2os	NM_027633	139	1	0	1
760	Hsfy2	NM_027661	-44388	0	0	0
761	Gpr39	NM_027677	25707	0	0	1
762	Rassf8	NM_027760	8730	0	1	0
763	5430402E10Rik	NM_027768	-32377	0	0	0
764	Afmid	NM_027827	-5437	0	0	1
765	Izumo4	NM_027829	-159	1	0	0
766	Isx	NM_027837	-301176	0	0	0
767	Osbpl3	NM_027881	4585	0	0	1
768	Osbpl3	NM_027881	4565	0	0	1
769	Tns1	NM_027884	74746	0	0	1
770	Tha1	NM_027919	-27754	0	0	0
771	Cfap45	NM_027972	8786	0	1	0
772	Cenpu	NM_027973	-11993	0	0	0
773	Lypd6b	NM_027990	85322	0	0	1
774	Lypd6b	NM_027990	53227	0	0	1
775	Cldn23	NM_027998	-67	1	0	0
776	Napg	NM_028017	-6910	0	0	0
777	Cdca4	NM_028023	-11600	0	0	0
778	Dnmbp	NM_028029	43416	0	0	1
779	Fundc1	NM_028058	-93037	0	0	0
780	Trmu	NM_028063	68481	0	0	1
781	Tmem68	NM_028097	161046	0	0	0
782	Pygo1	NM_028116	-23992	0	0	1
783	Frmd6	NM_028127	-75626	0	0	0
784	1700021F07Rik	NM_028158	2183	0	0	1
785	1600014C23Rik	NM_028164	214	1	1	0
786	Plxdc1	NM_028199	31664	0	1	0
787	Cdkn3	NM_028222	-50783	0	0	0
788	Faim2	NM_028224	22435	0	0	1
789	Faim2	NM_028224	20030	0	0	1
790	Col16a1	NM_028266	20660	0	1	0
791	Ppp2r2b	NM_028392	-45449	0	0	0
792	Ccser2	NM_028407	15069	0	0	1
793	Rflna	NM_028443	25202	0	1	0
794	Actrt2	NM_028513	-59716	0	0	0
795	Phf19	NM_028716	14000	0	0	1
796	Rbm19	NM_028762	2303	0	1	0
797	Tmem43	NM_028766	20085	0	0	1
798	Sash3	NM_028773	-6322	0	0	0
799	Snx19	NM_028874	10152	0	1	0
800	Tc2n	NM_028924	31858	0	0	1
801	Zfp558	NM_028935	10212	0	0	1
802	Nipal3	NM_028995	9111	0	0	1
803	Themis3	NM_028998	-92480	0	0	1
804	Spsb1	NM_029035	-15222	0	0	0
805	Tmem114	NM_029070	594139	0	0	0
806	Tmem114	NM_029070	307252	0	0	0
807	Sv2c	NM_029210	21643	0	0	1
808	Dynlrb2	NM_029297	-185354	0	0	0
809	Dynlrb2	NM_029297	-21259	0	0	0
810	Stpg4	NM_029298	51993	0	0	1
811	Pnpla5	NM_029427	-5849	0	0	0
812	Smurf1	NM_029438	46049	0	0	1
813	Rap2a	NM_029519	-73410	0	0	1
814	Rph3al	NM_029548	9538	0	0	1
815	0610040J01Rik	NM_029554	17320	0	0	1
816	Sun5	NM_029599	26946	0	0	0
817	Prss23	NM_029614	-9732	0	0	0
818	Dok5	NM_029761	-35316	0	0	0
819	Unc5b	NM_029770	-49547	0	0	0
820	Ppp1r12c	NM_029834	-7137	0	0	1
821	Srbd1	NM_030133	186231	0	0	0
822	4930562C15Rik	NM_030192	-14290	0	0	0
823	Trim42	NM_030219	54527	0	0	0
824	Smim12	NM_030252	20068	0	0	0
825	Pofut2	NM_030262	7083	0	0	1
826	Nbea	NM_030595	-97917	0	0	0
827	Hist1h1a	NM_030609	1198	0	0	0
828	Fgf16	NM_030614	554	1	0	1
829	Slc14a2	NM_030683	-47513	0	0	0
830	Gatsl2	NM_030719	-630684	0	0	0
831	Syt13	NM_030725	-64355	0	0	0
832	Klb	NM_031180	325	1	1	0
833	Plvap	NM_032398	-231	1	0	0
834	Ferd3l	NM_033522	-209683	0	0	0
835	Spred2	NM_033523	40974	0	0	1
836	Cnnm2	NM_033569	32741	0	0	1
837	Olig3	NM_053008	53108	0	0	0
838	Trim8	NM_053100	29079	0	0	0
839	Klhl1	NM_053105	798	1	1	0
840	Msi2	NM_054043	136002	0	0	1
841	Prelp	NM_054077	-12641	0	0	0
842	Prelp	NM_054077	-12608	0	0	0
843	Alpk3	NM_054085	100	1	1	0
844	Igsf8	NM_080419	5857	0	1	0
845	Srgap3	NM_080448	112772	0	0	1
846	Tshz2	NM_080455	-95916	0	0	0
847	Hnmt	NM_080462	124607	0	0	0
848	Kcnn3	NM_080466	29092	0	0	1
849	Ssfa2	NM_080558	-45993	0	0	0
850	Sh3bgrl3	NM_080559	5249	0	1	0
851	Emid1	NM_080595	-33754	0	0	0
852	Timp4	NM_080639	-21819	0	0	1
853	Caskin2	NM_080643	12403	0	1	0
854	Slc34a3	NM_080854	3067	0	0	1
855	Otud7a	NM_130880	87060	0	0	1
856	Eps8l2	NM_133191	393	1	0	1
857	Pdzd3	NM_133226	2553	0	1	0
858	Khdrbs2	NM_133235	-206107	0	0	0
859	Ppargc1b	NM_133249	64675	0	0	1
860	Pdk2	NM_133667	5020	0	0	1
861	Tmem132a	NM_133804	6665	0	0	1
862	Lbr	NM_133815	106419	0	0	0
863	Lrrc8c	NM_133897	47670	0	0	1
864	Pxn	NM_133915	8818	0	0	1
865	Pxn	NM_133915	8789	0	0	1
866	Mlxip	NM_133917	-22535	0	1	0
867	Rpn1	NM_133933	35839	0	0	0
868	Rpn1	NM_133933	32670	0	0	0
869	Rpn1	NM_133933	32706	0	0	0
870	Unc45a	NM_133952	6038	0	1	0
871	Usb1	NM_133954	8981	0	0	1
872	Rhou	NM_133955	298	1	0	1
873	Hemk1	NM_133984	11598	0	0	0
874	Nt5m	NM_134029	44047	0	0	0
875	Fam83h	NM_134087	-20693	0	0	0
876	Ildr1	NM_134109	15029	0	0	1
877	Kif2c	NM_134471	-4543	0	0	0
878	Dgkg	NM_138650	84625	0	1	0
879	Dgkg	NM_138650	84624	0	1	0
880	Socs7	NM_138657	41617	0	0	0
881	Rassf3	NM_138956	-30154	0	0	0
882	Cytip	NM_139200	26159	0	1	0
883	Cytip	NM_139200	26142	0	1	0
884	Galnt2	NM_139272	46798	0	0	1
885	Galnt2	NM_139272	46826	0	0	1
886	Wnt9a	NM_139298	10392	0	0	1
887	Vasn	NM_139307	8057	0	0	1
888	Cdkal1	NM_144536	258101	0	0	1
889	Trib2	NM_144551	-369317	0	0	0
890	Trib2	NM_144551	-369330	0	0	0
891	Trib2	NM_144551	-369353	0	0	0
892	Trib2	NM_144551	-369308	0	0	0
893	Trib2	NM_144551	-369350	0	0	0
894	Cbx7	NM_144811	13884	0	1	0
895	Ice1	NM_144837	-8776	0	0	0
896	Daglb	NM_144915	1390	0	0	1
897	Ucn2	NM_145077	-2622	0	1	0
898	Spsb4	NM_145134	62080	0	0	1
899	Spsb4	NM_145134	62057	0	0	1
900	Mgl2	NM_145137	9210	0	0	0
901	Pomt1	NM_145145	-10349	0	1	0
902	Wasf3	NM_145155	731	1	0	1
903	Akr1d1	NM_145364	63764	0	0	0
904	Wfdc5	NM_145369	-395	1	0	0
905	Wfdc5	NM_145369	4218	0	1	0
906	Zswim6	NM_145456	45787	0	0	1
907	Shisa2	NM_145463	80543	0	0	1
908	Shisa2	NM_145463	80554	0	0	1
909	Stk24	NM_145465	-43039	0	0	0
910	Stk24	NM_145465	144118	0	1	0
911	Stk24	NM_145465	144094	0	1	0
912	Stk24	NM_145465	144101	0	1	0
913	Tbc1d22a	NM_145476	7575	0	0	1
914	Nmrk1	NM_145497	15183	0	0	1
915	Btbd3	NM_145534	50	1	1	1
916	Btbd3	NM_145534	1436	0	0	1
917	Btbd3	NM_145534	1369	0	0	1
918	Sbk1	NM_145587	19973	0	1	0
919	Sbk1	NM_145587	19860	0	1	0
920	Sbk1	NM_145587	19945	0	1	0
921	Veph1	NM_145820	-219142	0	0	0
922	Lin28a	NM_145833	5602	0	0	1
923	Il17d	NM_145837	21545	0	0	0
924	Olah	NM_145921	-15807	0	0	0
925	Pttg1ip	NM_145925	-9099	0	0	0
926	Wipi1	NM_145940	29069	0	0	1
927	Arhgap9	NM_146011	3228	0	1	0
928	Lrrc3b	NM_146052	-121192	0	0	0
929	Prr5	NM_146061	-26888	0	0	0
930	Ubr2	NM_146078	-54578	0	0	0
931	Zadh2	NM_146090	157976	0	0	1
932	Zadh2	NM_146090	130236	0	0	1
933	Tmem185b	NM_146103	15227	0	0	0
934	Cacnb4	NM_146123	35067	0	0	1
935	Itpka	NM_146125	1905	0	0	1
936	Tspan33	NM_146173	1991	0	0	1
937	Tspan33	NM_146173	1987	0	0	1
938	Slc5a11	NM_146198	-14941	0	0	0
939	Slc5a11	NM_146198	-14927	0	0	0
940	Armc5	NM_146205	-278	1	1	0
941	Cdk17	NM_146239	-13992	0	0	0
942	Rp1l1	NM_146246	29545	0	1	0
943	Olfr460	NM_146383	-10949	0	0	1
944	Olfr1370	NM_146535	18591	0	0	0
945	Olfr1370	NM_146535	18434	0	0	0
946	Olfr340	NM_146951	10979	0	0	0
947	Gprc5c	NM_147217	14691	0	1	0
948	Rps6ka3	NM_148945	-1952	0	0	0
949	Dicer1	NM_148948	-9577	0	0	0
950	Plk2	NM_152804	169399	0	0	0
951	Lrrc25	NM_153074	4254	0	0	0
952	Hrh4	NM_153087	24675	0	0	0
953	Padi6	NM_153106	20389	0	1	0
954	Oplah	NM_153122	288	1	0	1
955	Nat10	NM_153126	44163	0	0	1
956	Rab11fip3	NM_153140	13779	0	0	1
957	Rab11fip3	NM_153140	13752	0	0	1
958	Mical3	NM_153396	-15116	0	0	1
959	Mical3	NM_153396	36316	0	0	1
960	Mical3	NM_153396	-22164	0	0	1
961	Syne1	NM_153399	4614	0	0	1
962	Ago1	NM_153403	-22385	0	1	0
963	Nphp4	NM_153424	73679	0	1	0
964	Clstn3	NM_153508	-12236	0	0	0
965	Kcng3	NM_153512	695	1	1	0
966	Aldh1l2	NM_153543	79432	0	0	0
967	Mboat1	NM_153546	45414	0	0	1
968	Mboat1	NM_153546	-13392	0	0	0
969	Nars2	NM_153591	-43424	0	1	0
970	Nars2	NM_153591	-43437	0	1	0
971	Fermt3	NM_153795	1561	0	0	1
972	Cpne7	NM_170684	13983	0	0	1
973	Sfswap	NM_172276	-37484	0	0	0
974	Plcg2	NM_172285	-60542	0	0	1
975	Plcg2	NM_172285	29950	0	0	1
976	Slc36a4	NM_172289	-16	1	0	0
977	Dmrta2	NM_172296	3997	0	1	0
978	Ube2z	NM_172300	1466	0	0	1
979	Slc22a22	NM_172378	186298	0	0	1
980	Tmem125	NM_172383	-11006	0	1	0
981	Zfp536	NM_172385	-2454	0	0	0
982	Smndc1	NM_172429	-14340	0	0	0
983	Prrt3	NM_172487	6510	0	1	0
984	Diaph2	NM_172493	537547	0	0	1
985	Diaph2	NM_172493	-67064	0	0	0
986	Cobl	NM_172496	-313535	0	0	0
987	Cobl	NM_172496	-291584	0	0	0
988	Arhgef19	NM_172520	4104	0	1	0
989	Megf11	NM_172522	-119	1	0	0
990	Rufy1	NM_172557	-19385	0	0	0
991	Hlf	NM_172563	21707	0	0	1
992	Hlf	NM_172563	42970	0	0	1
993	Hlf	NM_172563	42996	0	0	1
994	Fbf1	NM_172571	6812	0	0	1
995	Rhbdf2	NM_172572	-11553	0	0	0
996	Arl15	NM_172595	21336	0	0	1
997	Mpped1	NM_172610	-432	1	0	0
998	Mpped1	NM_172610	-13531	0	0	0
999	Dpcd	NM_172639	32503	0	0	1
1000	Prrc2b	NM_172661	17955	0	0	1
1001	Sdad1	NM_172713	-8910	0	0	0
1002	Sgsm1	NM_172718	8758	0	0	1
1003	Fgd5	NM_172731	1074	0	1	0
1004	Mtmr10	NM_172742	-72	1	0	0
1005	Plxnb1	NM_172775	-3358	0	1	0
1006	Slc22a29	NM_172776	-67197	0	0	0
1007	Ttll6	NM_172799	11764	0	1	0
1008	Fmo9	NM_172844	-152569	0	0	0
1009	Nyap2	NM_172849	292801	0	0	0
1010	Ttc34	NM_172878	-81938	0	0	0
1011	Ttc34	NM_172878	-53926	0	0	0
1012	D8Ertd82e	NM_172911	9109	0	1	0
1013	D8Ertd82e	NM_172911	-75698	0	0	0
1014	D8Ertd82e	NM_172911	69163	0	0	0
1015	D8Ertd82e	NM_172911	-75672	0	0	0
1016	Abcc12	NM_172912	334466	0	0	0
1017	Col6a6	NM_172927	31811	0	1	0
1018	Col6a6	NM_172927	34971	0	1	0
1019	Tbcel	NM_173038	35159	0	0	1
1020	Speer2	NM_173069	947730	0	0	0
1021	Speer2	NM_173069	947683	0	0	0
1022	Klhdc7a	NM_173427	-53298	0	0	0
1023	Rpgrip1l	NM_173431	8526	0	0	1
1024	Nrip1	NM_173440	-165451	0	0	0
1025	Rccd1	NM_173445	-1765	0	0	1
1026	Tdrp	NM_173744	42	1	1	0
1027	Sowahd	NM_173779	799	1	1	0
1028	Sowahd	NM_173779	780	1	1	0
1029	Helt	NM_173789	13572	0	0	0
1030	Mgst2	NM_174995	27744	0	1	0
1031	Mgst2	NM_174995	27716	0	1	0
1032	Tnks	NM_175091	22548	0	0	1
1033	Slc38a2	NM_175121	5787	0	0	1
1034	Chst8	NM_175140	191	1	1	0
1035	Stox2	NM_175162	-33238	0	0	0
1036	Arhgap26	NM_175164	88846	0	0	1
1037	Shtn1	NM_175172	18174	0	0	1
1038	Fam53b	NM_175268	60185	0	0	1
1039	Fam53b	NM_175268	60182	0	0	1
1040	Rassf10	NM_175279	354	1	1	0
1041	Ldhal6b	NM_175349	100030	0	1	0
1042	Exoc6	NM_175353	-54645	0	0	0
1043	Exoc6	NM_175353	-54570	0	0	0
1044	Exoc6	NM_175353	-54647	0	0	0
1045	2700081O15Rik	NM_175381	6093	0	1	0
1046	Atp6v0d2	NM_175406	11980	0	1	0
1047	Wdr18	NM_175450	-13263	0	0	1
1048	Wdr18	NM_175450	-12573	0	0	1
1049	Wdr18	NM_175450	-12556	0	0	1
1050	5830411N06Rik	NM_175533	-12042	0	0	0
1051	Xylt1	NM_175645	316942	0	0	0
1052	Dmrta1	NM_175647	-37807	0	0	0
1053	C030006K11Rik	NM_176828	-1134	0	1	0
1054	Fbxo2	NM_176848	32422	0	0	0
1055	Dusp4	NM_176933	-79760	0	0	0
1056	6430573F11Rik	NM_176952	-112793	0	0	0
1057	Oacyl	NM_177028	-721	1	0	0
1058	Sp8	NM_177082	-9789	0	0	0
1059	Gnal	NM_177137	-488	1	0	0
1060	Bhlha9	NM_177182	479	1	1	0
1061	Agtr1a	NM_177322	63557	0	0	0
1062	Dmrt3	NM_177360	13460	0	0	0
1063	Dars	NM_177445	-39659	0	0	0
1064	Dars	NM_177445	-39656	0	0	0
1065	Slfnl1	NM_177570	-15333	0	1	0
1066	Ulk4	NM_177589	128057	0	0	1
1067	AA986860	NM_177604	411	1	0	1
1068	Psd4	NM_177611	1133	0	0	1
1069	Fam43a	NM_177632	28923	0	0	1
1070	Vgll4	NM_177683	-8392	0	0	0
1071	Ppp1r3b	NM_177741	-118732	0	0	0
1072	Colgalt2	NM_177756	19463	0	0	1
1073	Ccdc60	NM_177759	95642	0	0	1
1074	Ccdc60	NM_177759	95639	0	0	1
1075	Trpa1	NM_177781	-176861	0	0	0
1076	Prom2	NM_178047	2781	0	0	1
1077	Aifm2	NM_178058	-4418	0	0	0
1078	Thra	NM_178060	-2565	0	0	0
1079	Tcfl5	NM_178254	-16795	0	1	0
1080	Asb13	NM_178283	-7301	0	0	0
1081	E2f7	NM_178609	5834	0	0	1
1082	Atl1	NM_178628	-13479	0	0	1
1083	Uvrag	NM_178635	83688	0	0	1
1084	Ubxn10	NM_178671	48778	0	0	0
1085	Zfp438	NM_178722	-93827	0	0	0
1086	Gorab	NM_178883	-154993	0	0	0
1087	Nnat	NM_180960	123	1	1	1
1088	Anks1b	NM_181398	120121	0	0	1
1089	Raver2	NM_183024	-74225	0	1	0
1090	Pcmtd1	NM_183028	153571	0	0	0
1091	Elfn2	NM_183141	46118	0	1	0
1092	Zfp598	NM_183149	9407	0	1	0
1093	Slc12a1	NM_183354	-1544	0	0	0
1094	Pbx1	NM_183355	215858	0	0	1
1095	Qrfp	NM_183424	-13179	0	0	1
1096	Glra2	NM_183427	140465	0	0	1
1097	Esrp1	NM_194055	2763	0	0	1
1098	Foxo6	NM_194060	20060	0	1	0
1099	Foxo6	NM_194060	-17587	0	0	0
1100	Tspan15	NM_197996	43911	0	1	0
1101	Exoc8	NM_198103	1287	0	1	0
1102	Exoc8	NM_198103	1311	0	1	0
1103	Exoc8	NM_198103	1295	0	1	0
1104	Exoc8	NM_198103	1215	0	1	0
1105	Lrrc24	NM_198119	3787	0	1	0
1106	Zbtb40	NM_198248	7695	0	0	1
1107	Tex2	NM_198292	-13407	0	0	0
1108	Tanc1	NM_198294	-48471	0	0	0
1109	1700016K19Rik	NM_198637	-22928	0	0	0
1110	Cdh26	NM_198656	236439	0	0	0
1111	Stard8	NM_199018	879	1	0	1
1112	Dpp10	NM_199021	1120010	0	0	0
1113	BC051665	NM_199148	89168	0	0	1
1114	Plec	NM_201394	3581	0	0	1
1115	Plec	NM_201394	6499	0	0	1
1116	H2-Ab1	NM_207105	1383	0	0	1
1117	Cebpe	NM_207131	168	1	1	0
1118	Igsf3	NM_207205	42364	0	0	1
1119	Igsf3	NM_207205	42340	0	0	1
1120	Acap3	NM_207223	14313	0	1	0
1121	Acap3	NM_207223	11554	0	1	0
1122	Arl5c	NM_207231	-3303	0	0	0
1123	Man1c1	NM_207237	70737	0	0	1
1124	Tdpoz4	NM_207272	-47100	0	0	0
1125	Osbpl1a	NM_207530	968	1	0	1
1126	Vmn1r64	NM_207544	14008	0	0	0
1127	Bcl2l11	NM_207681	131478	0	0	0
1128	Esr2	NM_207707	81905	0	0	1
1129	Fam53b	NM_212473	7970	0	0	1
1130	Pla2g2a	NR_002926	-4262	0	0	1
1131	Gm9731	NR_003107	144	1	1	0
1132	Kis2	NR_003188	-271	1	0	0
1133	Cdk3-ps	NR_004853	6173	0	1	0
1134	B430010I23Rik	NR_015457	-31838	0	1	0
1135	LOC100043315	NR_015482	-79513	0	0	1
1136	1700108F19Rik	NR_015485	-2528	0	0	0
1137	1700030C10Rik	NR_015521	265	1	1	0
1138	1700030C10Rik	NR_015521	290	1	1	0
1139	4933432I09Rik	NR_015575	-8588	0	1	0
1140	4930483J18Rik	NR_015603	14791	0	0	0
1141	4932435O22Rik	NR_027643	17840	0	0	1
1142	1810032O08Rik	NR_027820	-5547	0	0	1
1143	4933432I09Rik	NR_027843	34642	0	0	0
1144	4933432I09Rik	NR_027843	34703	0	0	0
1145	2900060B14Rik	NR_027901	-66106	0	1	0
1146	1700086O06Rik	NR_027904	-14105	0	0	0
1147	1700029M20Rik	NR_027909	28142	0	0	0
1148	1700020N01Rik	NR_027968	-98673	0	0	0
1149	2210417A02Rik	NR_028285	81144	0	0	0
1150	2210417A02Rik	NR_028285	68760	0	0	0
1151	Fance	NR_028297	-15125	0	1	0
1152	Dubr	NR_028300	-25217	0	0	0
1153	4930503E24Rik	NR_028310	83263	0	0	0
1154	Gm2176	NR_028424	-23162	0	0	0
1155	Gm2176	NR_028424	-69324	0	0	1
1156	Snord12	NR_028540	36955	0	1	0
1157	Snord12	NR_028540	19901	0	0	0
1158	Gm14005	NR_028590	44365	0	0	1
1159	4930584F24Rik	NR_029445	154619	0	0	0
1160	A530088E08Rik	NR_029458	-6249	0	1	0
1161	9430083A17Rik	NR_029463	52625	0	0	0
1162	Mir30a	NR_029533	-18078	0	0	0
1163	Mir135a-1	NR_029549	1238	0	1	0
1164	Mir122	NR_029600	-70772	0	0	1
1165	Mir346	NR_029774	133490	0	0	1
1166	Mir200c	NR_029792	-97	1	0	0
1167	Mir200c	NR_029792	-117	1	0	0
1168	Mir218-2	NR_029799	15262	0	0	1
1169	Mir9-3	NR_029818	3572	0	0	1
1170	Mir671	NR_030423	304	1	1	0
1171	Mir762	NR_030428	-16664	0	0	0
1172	Mir717	NR_030497	48217	0	0	1
1173	Mir721	NR_030500	-20597	0	0	1
1174	Mir568	NR_030576	-63014	0	1	0
1175	Mir574	NR_030577	24162	0	0	1
1176	2810410L24Rik	NR_030682	2311	0	1	0
1177	A930011G23Rik	NR_030692	101469	0	0	1
1178	A930011G23Rik	NR_030692	101962	0	0	1
1179	B430212C06Rik	NR_033214	-1935	0	0	1
1180	Gm11468	NR_033467	73064	0	0	0
1181	Gm10789	NR_033476	-4913	0	0	0
1182	Gm10466	NR_033491	-159210	0	0	0
1183	4931406H21Rik	NR_033492	47227	0	0	1
1184	2410017I17Rik	NR_033517	8002	0	0	1
1185	Wiz	NR_033525	-2997	0	1	0
1186	Wiz	NR_033525	-2984	0	1	0
1187	Gm14812	NR_033544	9870	0	0	1
1188	Rbm3os	NR_033561	-1175	0	0	1
1189	Hmgb1-rs17	NR_033589	89	1	1	0
1190	4933417G07Rik	NR_033592	129975	0	0	1
1191	Gm13498	NR_033595	-31853	0	0	0
1192	Gm7134	NR_033597	-340088	0	0	0
1193	1810010D01Rik	NR_033626	76654	0	0	0
1194	Kif4-ps	NR_033653	55368	0	0	0
1195	Kif4-ps	NR_033653	87988	0	0	0
1196	Gm7550	NR_033689	-51339	0	0	0
1197	Gm7550	NR_033689	-51322	0	0	0
1198	Mir669h	NR_035418	405897	0	0	0
1199	Mir1929	NR_035450	22190	0	0	0
1200	Mir1982	NR_035503	6628	0	1	0
1201	A730020M07Rik	NR_036457	53393	0	0	0
1202	Mir3475	NR_037208	-32492	0	0	0
1203	Mir3065	NR_037225	-2824	0	1	0
1204	Mir3085	NR_037246	8857	0	0	0
1205	Mir3089	NR_037272	22886	0	0	0
1206	Mir3107	NR_037293	-3312	0	0	1
1207	Mir3108	NR_037295	-35908	0	0	1
1208	Mir3108	NR_037295	-25790	0	0	1
1209	Mir3110	NR_037297	60179	0	0	0
1210	E030025P04Rik	NR_037978	-49240	0	0	0
1211	E030025P04Rik	NR_037978	75308	0	0	0
1212	Platr22	NR_037986	35256	0	0	0
1213	Gm19395	NR_038015	-72302	0	0	0
1214	Gm20125	NR_038020	476659	0	0	0
1215	4930474N09Rik	NR_038130	-38020	0	0	1
1216	Mir5101	NR_039560	106180	0	0	1
1217	Mir5101	NR_039560	106156	0	0	1
1218	2210408F21Rik	NR_040261	-10554	0	0	0
1219	9330179D12Rik	NR_040274	-3338	0	1	0
1220	9330179D12Rik	NR_040274	-3351	0	1	0
1221	Plxna4os1	NR_040277	-17572	0	0	1
1222	6720468P15Rik	NR_040307	39285	0	0	0
1223	B230217O12Rik	NR_040316	26068	0	0	1
1224	AI646519	NR_040330	3936	0	0	0
1225	A230028O05Rik	NR_040374	-320	1	0	0
1226	1810021B22Rik	NR_040417	7927	0	1	0
1227	1810021B22Rik	NR_040417	6151	0	1	0
1228	Gm13003	NR_040443	911	1	1	0
1229	Gm10007	NR_040449	-301792	0	0	1
1230	C030007H22Rik	NR_040482	73538	0	0	0
1231	9530026F06Rik	NR_040483	-22036	0	0	0
1232	1600002D24Rik	NR_040485	36021	0	0	1
1233	1810053B23Rik	NR_040486	202772	0	0	0
1234	1700080N15Rik	NR_040500	122634	0	0	0
1235	4930405A21Rik	NR_040505	16455	0	1	0
1236	1700028P15Rik	NR_040509	-26028	0	0	0
1237	1700049E22Rik	NR_040525	5250	0	0	1
1238	1700036G14Rik	NR_040542	-142558	0	0	0
1239	4930478L05Rik	NR_040569	-86181	0	0	0
1240	6330410L21Rik	NR_040589	-95206	0	0	0
1241	Gm13490	NR_040639	-60573	0	0	0
1242	1700045H11Rik	NR_040649	97102	0	0	0
1243	4930556G01Rik	NR_040655	636565	0	0	0
1244	Gm5860	NR_040659	-255908	0	0	0
1245	4930509K18Rik	NR_040663	65800	0	0	0
1246	Gm10637	NR_040697	129852	0	0	0
1247	6030466F02Rik	NR_040702	17649	0	0	0
1248	B930018H19Rik	NR_040706	17987	0	0	1
1249	B930018H19Rik	NR_040706	232532	0	0	0
1250	4930428G15Rik	NR_040730	206186	0	0	0
1251	Gm5122	NR_040767	-1432	0	0	0
1252	Gm20187	NR_045052	54372	0	0	0
1253	E030019B13Rik	NR_045082	459	1	1	0
1254	AI197445	NR_045084	108609	0	0	0
1255	A330076C08Rik	NR_045088	18393	0	1	0
1256	Gm8633	NR_045179	-134797	0	0	0
1257	A830082K12Rik	NR_045195	-34648	0	0	1
1258	5430437J10Rik	NR_045274	315225	0	0	0
1259	8430429K09Rik	NR_045276	1070	0	0	1
1260	Gm19705	NR_045324	-13247	0	0	0
1261	4933411E08Rik	NR_045342	22347	0	1	0
1262	4933440J02Rik	NR_045344	34923	0	0	0
1263	4930545H06Rik	NR_045357	-109986	0	1	0
1264	4930545H06Rik	NR_045357	-110007	0	1	0
1265	Grip1os2	NR_045359	94957	0	0	1
1266	4921531P14Rik	NR_045361	39962	0	0	0
1267	4921531P14Rik	NR_045361	172009	0	0	0
1268	4921531P14Rik	NR_045361	-198319	0	0	0
1269	D730045A05Rik	NR_045390	-34621	0	0	1
1270	A830052D11Rik	NR_045403	-53794	0	1	0
1271	4930452A19Rik	NR_045433	49526	0	0	0
1272	B630019K06Rik	NR_045448	1255	0	1	0
1273	B630019K06Rik	NR_045448	291	1	1	0
1274	1700029N11Rik	NR_045489	111250	0	0	0
1275	4933402C06Rik	NR_045504	-140322	0	0	0
1276	Slc35c2	NR_045544	-13981	0	0	1
1277	5930403L14Rik	NR_045643	154265	0	0	1
1278	D030025E07Rik	NR_045704	-173336	0	0	0
1279	I730028E13Rik	NR_045705	-6444	0	0	0
1280	4933400L20Rik	NR_045730	198152	0	0	0
1281	1700030F04Rik	NR_045731	176138	0	0	0
1282	1700060C16Rik	NR_045732	-182007	0	1	0
1283	4930486I03Rik	NR_045734	121781	0	0	1
1284	Gm19299	NR_045748	37275	0	0	0
1285	4930505G20Rik	NR_045761	-240566	0	0	1
1286	4930505G20Rik	NR_045761	-240589	0	0	1
1287	4930505G20Rik	NR_045761	-240609	0	0	1
1288	A530072M11Rik	NR_045765	422367	0	0	0
1289	Gm17746	NR_045844	90556	0	0	0
1290	Gm11201	NR_045873	14161	0	0	1
1291	Gm11201	NR_045873	14164	0	0	1
1292	Gm10556	NR_045881	-3355	0	0	0
1293	4930432J09Rik	NR_045953	73304	0	0	0
1294	4930447J18Rik	NR_045959	-75278	0	0	0
1295	1700003P14Rik	NR_045982	-45866	0	0	0
1296	1700003P14Rik	NR_045982	-45875	0	0	0
1297	C530044C16Rik	NR_045984	32810	0	0	1
1298	Gm11981	NR_046025	-44014	0	0	0
1299	1700085C21Rik	NR_046045	-64990	0	0	1
1300	Gm10445	NR_046063	156780	0	0	0
1301	Gm13580	NR_046065	1735	0	0	0
1302	Gm2516	NR_046067	979192	0	0	0
1303	Gm5086	NR_046157	91750	0	0	0
1304	Gm5086	NR_046157	-52247	0	0	0
1305	Bcas3os2	NR_046194	-24398	0	0	1
1306	Rn45s	NR_046233	1904	0	1	0
1307	Rn45s	NR_046233	375	1	1	0
1308	Rn45s	NR_046233	1619	0	1	0
1309	4932415M13Rik	NR_073205	55659	0	0	0
1310	4930453L07Rik	NR_073360	281831	0	0	1
1311	4930453L07Rik	NR_073360	36544	0	0	0
1312	4930453L07Rik	NR_073360	281815	0	0	1
1313	2610027K06Rik	NR_077059	21670	0	0	1
1314	AW112010	NR_102366	11644	0	0	0
1315	Gm2087	NR_102437	-135905	0	0	0
