	name	feature.name	dist.to.feature	prom	exon	intron
1	Panx2	NM_001002005	7957	0	1	0
2	Rpl17	NM_001002239	249	1	0	1
3	Zfp619	NM_001004139	34913	0	0	0
4	Adora1	NM_001008533	17987	0	0	1
5	Unc13d	NM_001009573	14277	0	1	0
6	A3galt2	NM_001009819	13621	0	0	0
7	Olfr1463	NM_001011840	35548	0	0	0
8	Lrrc52	NM_001013382	6495	0	0	1
9	Gm973	NM_001013771	24429	0	0	1
10	Dyrk2	NM_001014390	152022	0	0	0
11	Dyrk2	NM_001014390	-89190	0	0	0
12	Snx13	NM_001014973	142692	0	0	0
13	Src	NM_001025395	63363	0	0	0
14	Maf	NM_001025577	389003	0	0	1
15	Fbxo33	NM_001033156	-212055	0	0	0
16	Cdc42bpa	NM_001033285	-42723	0	0	0
17	Tmem211	NM_001033428	-12618	0	0	0
18	B020004J07Rik	NM_001033790	18921	0	0	0
19	Adamts17	NM_001033877	88152	0	0	1
20	Dnaic2	NM_001034878	-6674	0	1	1
21	Baiap2	NM_001037754	12929	0	0	1
22	Defb26	NM_001039120	8542	0	0	0
23	AI429214	NM_001039220	111450	0	0	0
24	Edem3	NM_001039644	124517	0	0	0
25	Rasgrf1	NM_001039655	62761	0	0	1
26	Filip1l	NM_001040397	38375	0	0	1
27	Hhipl1	NM_001044380	5603	0	1	0
28	Pik3r1	NM_001077495	21898	0	0	1
29	Pigw	NM_001077636	-13300	0	0	1
30	Sdhaf3	NM_001077713	55838	0	0	1
31	Sdhaf3	NM_001077713	221299	0	0	0
32	Gtf2i	NM_001080749	17968	0	0	1
33	Trappc10	NM_001081055	-100	1	0	0
34	Lrp2	NM_001081088	93620	0	1	0
35	Prickle2	NM_001081146	-22893	0	0	0
36	Lama5	NM_001081171	20876	0	0	1
37	Adgrf5	NM_001081178	-55328	0	0	0
38	Adgrf5	NM_001081178	2783	0	0	1
39	2410131K14Rik	NM_001081236	49499	0	0	0
40	Tln2	NM_001081242	-47454	0	0	0
41	1810013L24Rik	NM_001081400	383375	0	0	0
42	Gltscr1	NM_001081418	11153	0	1	0
43	Nr3c2	NM_001083906	230578	0	0	1
44	Xirp2	NM_001083919	-45971	0	0	0
45	Tcp11	NM_001085555	-16752	0	0	0
46	Kif26a	NM_001097621	30407	0	1	0
47	Nr1i2	NM_001098404	13658	0	0	1
48	Tox2	NM_001098799	-36789	0	0	0
49	Serac1	NM_001111017	44323	0	1	0
50	Fam189a2	NM_001114174	55386	0	1	0
51	Epha7	NM_001122889	-962097	0	0	0
52	Cyld	NM_001128170	159748	0	0	0
53	CK137956	NM_001134733	-19017	0	0	0
54	Ppp2r5c	NM_001135001	-73685	0	0	0
55	Naa20	NM_001141965	-35218	0	0	1
56	Tcf7l2	NM_001142924	102407	0	0	0
57	Arhgap40	NM_001145015	11957	0	0	1
58	Arhgef33	NM_001145452	15241	0	0	1
59	Per1	NM_001159367	586	1	1	0
60	Ces3b	NM_001159415	15504	0	0	0
61	Celf2	NM_001160292	-102177	0	0	1
62	Kif26b	NM_001161665	311292	0	0	1
63	Myh11	NM_001161775	19576	0	0	1
64	Troap	NM_001162506	1840	0	0	1
65	Etv1	NM_001163154	50210	0	0	1
66	Etv1	NM_001163154	185119	0	0	0
67	Cdc42ep4	NM_001163346	-104400	0	0	1
68	Pdik1l	NM_001163794	990	1	0	1
69	Tgif1	NM_001164077	139414	0	0	1
70	Gm4847	NM_001164312	49136	0	0	0
71	Dnajc6	NM_001164585	8559	0	0	1
72	Irf2bp2	NM_001164598	672	1	1	0
73	Rnf14	NM_001164621	-12	1	1	0
74	Soga1	NM_001164663	13236	0	0	1
75	Fam47c	NM_001164739	-59713	0	0	0
76	Lingo2	NM_001166001	289250	0	0	0
77	Vmn1r238	NM_001167539	117705	0	0	0
78	Ankrd50	NM_001167883	45291	0	0	0
79	Ephb1	NM_001168296	199540	0	0	1
80	Ephb1	NM_001168296	382162	0	0	1
81	Mta3	NM_001171054	30752	0	0	1
82	Cuedc1	NM_001172099	13728	0	1	0
83	Gm6760	NM_001177377	496172	0	0	0
84	Gm6588	NM_001177504	37527	0	0	1
85	Gm3985	NM_001177589	-30040	0	0	0
86	Etl4	NM_001177631	41143	0	0	1
87	Dcdc2c	NM_001177964	478148	0	0	0
88	Slc4a4	NM_001197147	44590	0	0	1
89	Sult2a8	NM_001199306	68150	0	0	0
90	Lactbl1	NM_001243262	13166	0	1	0
91	Ncmap	NM_001243305	-4625	0	0	1
92	Fam19a5	NM_001252310	-110154	0	0	0
93	Slc6a15	NM_001252330	242119	0	0	0
94	Tbc1d7	NM_001252639	-40327	0	0	1
95	Fstl5	NM_001253719	78022	0	0	1
96	Tet1	NM_001253857	-7164	0	0	0
97	Tcf12	NM_001253865	-43450	0	0	0
98	Apbb1	NM_001253887	1698	0	1	0
99	7530416G11Rik	NM_001256072	-4489	0	0	0
100	7530416G11Rik	NM_001256072	-4507	0	0	0
101	Mtif3	NM_001256101	5445	0	0	1
102	E030018B13Rik	NM_001256311	-172355	0	0	1
103	Epha10	NM_001256432	-8326	0	0	0
104	Calcoco2	NM_001271018	7406	0	0	1
105	Syt6	NM_001276676	-69937	0	0	0
106	Grip1	NM_001277292	-404	1	0	0
107	Pex5	NM_001277330	4339	0	0	1
108	Umod	NM_001278605	2462	0	1	0
109	Cdkn2c	NM_007671	7823	0	0	0
110	Chl1	NM_007697	476899	0	0	0
111	Cmah	NM_007717	86557	0	0	0
112	Cnr1	NM_007726	-146	1	0	0
113	Cox7c	NM_007749	-1081595	0	0	0
114	Cox7c	NM_007749	-1081698	0	0	0
115	Cyp3a11	NM_007818	-58791	0	0	0
116	Dpep1	NM_007876	-1398	0	0	0
117	Eln	NM_007925	16106	0	0	1
118	Esr1	NM_007956	9422	0	0	1
119	Evl	NM_007965	-791	1	0	1
120	Frat1	NM_008043	2619	0	0	0
121	Gaa	NM_008064	9840	0	0	1
122	Hsd17b3	NM_008291	94910	0	0	0
123	Id3	NM_008321	-18161	0	0	0
124	Itgb2l	NM_008405	17388	0	1	0
125	Epcam	NM_008532	-32181	0	0	0
126	Abcc1	NM_008576	97788	0	0	1
127	Mgp	NM_008597	-8439	0	0	0
128	Mttp	NM_008642	8627	0	0	1
129	Nptx1	NM_008730	22925	0	0	0
130	Orm1	NM_008768	-16006	0	1	0
131	Pdha2	NM_008811	699747	0	0	0
132	Pdha2	NM_008811	-94851	0	0	0
133	Pecam1	NM_008816	31582	0	0	1
134	Prkci	NM_008857	43110	0	0	1
135	Phox2b	NM_008888	2592	0	1	0
136	Pola2	NM_008893	11892	0	0	1
137	Rcvrn	NM_009038	-47989	0	0	1
138	Tacr2	NM_009314	34089	0	1	0
139	Tiam1	NM_009384	6003	0	0	1
140	Zic3	NM_009575	8783	0	0	0
141	Abcg1	NM_009593	-20219	0	0	0
142	Adcy1	NM_009622	-71380	0	0	0
143	Ahnak	NM_009643	1011	0	0	1
144	Alox5ap	NM_009663	-5854	0	0	0
145	Ap3b1	NM_009680	3581	0	0	1
146	Neurog2	NM_009718	722	1	1	0
147	Atp8a1	NM_009727	41217	0	0	1
148	Cbfa2t3	NM_009824	-37074	0	0	0
149	Cdh11	NM_009866	1678411	0	0	0
150	Celsr1	NM_009886	54899	0	1	0
151	Cish	NM_009895	11603	0	0	0
152	Cyp2a4	NM_009997	28231	0	0	0
153	Drd1	NM_010076	90841	0	0	0
154	Ephb3	NM_010143	41466	0	0	0
155	Khdrbs3	NM_010158	-274946	0	0	0
156	F2rl2	NM_010170	66351	0	1	0
157	Fcgr2b	NM_010187	12882	0	0	1
158	Ctgf	NM_010217	55897	0	1	0
159	Gabrg1	NM_010252	194143	0	0	0
160	Gabrg1	NM_010252	-83225	0	0	0
161	Gpd2	NM_010274	60	1	1	1
162	Gfra1	NM_010279	65524	0	0	1
163	Gjb5	NM_010291	-298908	0	0	0
164	Gna12	NM_010302	-59624	0	1	0
165	Gsr	NM_010344	-699	1	0	0
166	Magi1	NM_010367	161168	0	0	1
167	Hc	NM_010406	-4050	0	0	0
168	Hey1	NM_010423	-50749	0	0	0
169	Nr4a1	NM_010444	3503	0	1	0
170	Jun	NM_010591	-154802	0	0	0
171	Kcna1	NM_010595	-24344	0	0	0
172	Klf12	NM_010636	-158728	0	0	0
173	Klk1b21	NM_010642	-15829	0	0	0
174	Lhx4	NM_010712	-1017	0	0	0
175	Marcksl1	NM_010807	4528	0	1	0
176	Nrp2	NM_010939	-91094	0	0	1
177	P2rx4	NM_011026	-26589	0	1	1
178	Pax2	NM_011037	-72952	0	0	0
179	Pik3c2g	NM_011084	31432	0	0	1
180	Prep	NM_011156	94898	0	0	0
181	Prep	NM_011156	94985	0	0	0
182	Prlr	NM_011169	-30547	0	0	0
183	Ptpn1	NM_011201	-192	1	0	0
184	Ptpru	NM_011214	359524	0	0	0
185	Rad51	NM_011234	145	1	1	0
186	Rfx3	NM_011265	-331155	0	0	1
187	Rnaseh1	NM_011275	9337	0	0	1
188	Rnf4	NM_011278	16	1	1	0
189	Polr2j	NM_011293	-13200	0	0	1
190	Rps18	NM_011296	422	1	0	1
191	Sema6c	NM_011351	8058	0	1	0
192	Sorl1	NM_011436	154618	0	1	0
193	Sorl1	NM_011436	40924	0	0	1
194	Thbs1	NM_011580	-1482	0	0	0
195	Thbs4	NM_011582	60727	0	0	0
196	Cd40	NM_011611	10102	0	0	1
197	Tfrc	NM_011638	-47455	0	0	0
198	Zfp27	NM_011754	11328	0	1	0
199	Zfp90	NM_011764	-9266	0	0	0
200	Coro1c	NM_011779	-34065	0	1	0
201	Spry1	NM_011896	3878	0	1	0
202	Spry4	NM_011898	-125492	0	0	0
203	Dpysl4	NM_011993	-65016	0	0	1
204	St6galnac5	NM_012028	-140153	0	0	0
205	Trpc7	NM_012035	-160461	0	0	0
206	Kcnh2	NM_013569	-1514	0	0	0
207	Zfp30	NM_013705	6528	0	0	1
208	Ror1	NM_013845	80080	0	0	1
209	Ror1	NM_013845	80107	0	0	1
210	Usp25	NM_013918	120498	0	0	0
211	Adat1	NM_013925	3236	0	0	1
212	Dlc1	NM_015802	51233	0	0	0
213	Gpc3	NM_016697	120	1	1	1
214	Mylpf	NM_016754	3090	0	1	0
215	Smad3	NM_016769	12988	0	0	1
216	Tpmt	NM_016785	61	1	1	0
217	Pdlim3	NM_016798	-27396	0	0	0
218	Chst3	NM_016803	35568	0	1	0
219	Insm1	NM_016889	-817	1	0	0
220	Nfil3	NM_017373	-140440	0	0	1
221	Ostf1	NM_017375	16153	0	0	1
222	Bri3	NM_018772	3053	0	0	1
223	Bri3	NM_018772	3059	0	0	1
224	Bri3	NM_018772	3068	0	0	1
225	Sgsh	NM_018822	4449	0	0	1
226	Akr1e1	NM_018859	-220848	0	0	0
227	Irx4	NM_018885	87	1	1	0
228	Olfr71	NM_019486	725	1	1	0
229	Syncrip	NM_019666	-556	1	0	0
230	Stmn4	NM_019675	36779	0	0	0
231	Tmem115	NM_019704	-13370	0	0	1
232	Rybp	NM_019743	99412	0	0	0
233	Spen	NM_019763	32553	0	0	1
234	Tbk1	NM_019786	150	1	0	1
235	B4galt5	NM_019835	-23151	0	0	0
236	Rabgef1	NM_019983	-1867	0	0	1
237	Cdc42ep4	NM_020006	9170	0	0	1
238	Snrpa1	NM_021336	-40523	0	0	1
239	Caln1	NM_021371	293537	0	0	1
240	Dysf	NM_021469	86479	0	0	1
241	Nectin3	NM_021495	-582246	0	0	0
242	Nrip2	NM_021717	888	1	0	1
243	Popdc2	NM_022318	35142	0	1	0
244	Ngb	NM_022414	-13820	0	0	1
245	Scube1	NM_022723	497	1	0	1
246	Pmepa1	NM_022995	-2666	0	0	0
247	Lima1	NM_023063	12742	0	0	1
248	Ccnh	NM_023243	-203272	0	0	0
249	Pi16	NM_023734	3798	0	0	1
250	Slco3a1	NM_023908	48984	0	0	1
251	Ppp6c	NM_024209	-1524360	0	0	1
252	Hsdl2	NM_024255	-8821	0	0	0
253	Evpl	NM_025276	5415	0	1	0
254	Nenf	NM_025424	51265	0	0	0
255	1700001K19Rik	NM_025488	20233	0	0	1
256	Commd5	NM_025536	-9171	0	1	0
257	Mcts2	NM_025543	19281	0	1	0
258	Mcts2	NM_025543	19285	0	1	0
259	Mcts2	NM_025543	19287	0	1	0
260	Trpd52l3	NM_025741	-18609	0	0	0
261	Carhsp1	NM_025821	-2707	0	0	0
262	Proz	NM_025834	836	1	0	1
263	Bzw2	NM_025840	3892	0	0	1
264	Fam210b	NM_025912	446	1	0	1
265	Fam210b	NM_025912	9381	0	1	0
266	Rars	NM_025936	-53239	0	0	1
267	Efhd2	NM_025994	-7809	0	0	0
268	Zfp422	NM_026057	-10451	0	0	1
269	Eri1	NM_026067	-36660	0	0	0
270	Tmco5	NM_026104	-87658	0	0	0
271	4930524B15Rik	NM_026262	12	1	1	0
272	Necap1	NM_026267	74	1	1	0
273	Mrpl19	NM_026490	-2457	0	0	0
274	Bcas2	NM_026602	47519	0	0	0
275	Mocos	NM_026779	13472	0	0	1
276	Pdgfrl	NM_026840	-29415	0	0	1
277	Pygo2	NM_026869	-184	1	0	0
278	1700008O03Rik	NM_027049	22275	0	1	0
279	Klhdc2	NM_027117	57	1	1	0
280	Pak4	NM_027470	9130	0	0	1
281	Iqgap2	NM_027711	-20514	0	0	0
282	Iqgap2	NM_027711	-68050	0	1	0
283	Mfap3l	NM_027756	-8608	0	0	0
284	Arhgap42	NM_027823	-145446	0	0	0
285	Izumo4	NM_027829	-159	1	0	0
286	Ppp1r12a	NM_027892	-121879	0	0	0
287	1700019O17Rik	NM_027966	19129	0	0	0
288	Cfap45	NM_027972	8882	0	0	1
289	Chst14	NM_028117	6650	0	0	0
290	Frmd6	NM_028127	-75626	0	0	0
291	Scaf11	NM_028148	-50473	0	0	0
292	B3gnt3	NM_028189	-7853	0	1	0
293	Ccser2	NM_028407	15069	0	0	1
294	Rflna	NM_028443	66576	0	0	1
295	Arhgap8	NM_028455	-17040	0	1	0
296	Bmper	NM_028472	22967	0	0	1
297	Prss52	NM_028525	80099	0	0	1
298	Ccsap	NM_028536	20732	0	0	0
299	Rbm19	NM_028762	2303	0	1	0
300	Pomk	NM_029037	4930	0	0	1
301	Syce1l	NM_029139	79024	0	0	1
302	Syce1l	NM_029139	79039	0	0	1
303	Syce1l	NM_029139	79046	0	0	1
304	Scamp1	NM_029153	93293	0	1	0
305	Dynlrb2	NM_029297	-233232	0	0	0
306	Zbtb4	NM_029348	10337	0	1	0
307	Tgfbr2	NM_029575	-251560	0	0	0
308	Commd9	NM_029635	123021	0	0	1
309	Dapk1	NM_029653	-104189	0	0	0
310	Upp2	NM_029692	-51793	0	0	0
311	Chn1	NM_029716	9288	0	0	1
312	Dok5	NM_029761	-35316	0	0	0
313	Tchp	NM_029992	25582	0	1	0
314	Tmem50b	NM_030018	-7101	0	0	0
315	Nxpe2	NM_030069	174114	0	0	0
316	Plb1	NM_030072	-19251	0	0	0
317	N4bp1	NM_030563	-152920	0	0	0
318	Syt13	NM_030725	-64355	0	0	0
319	Vmn1r171	NM_030737	-7176	0	0	0
320	Klb	NM_031180	520	1	1	0
321	Hes7	NM_033041	-65	1	0	0
322	D1Pas1	NM_033077	-41829	0	0	0
323	Ngfr	NM_033217	-34018	0	0	0
324	Olig3	NM_053008	53108	0	0	0
325	Aldh1a3	NM_053080	-96439	0	0	0
326	Klhl1	NM_053105	798	1	1	0
327	Tle6	NM_053254	6641	0	0	1
328	Selm	NM_053267	-1745	0	0	0
329	Pawr	NM_054056	111814	0	0	0
330	Prelp	NM_054077	-12593	0	0	0
331	Prelp	NM_054077	-12608	0	0	0
332	Igsf8	NM_080419	5857	0	1	0
333	Fezf2	NM_080433	3966	0	1	0
334	Tshz2	NM_080455	-128477	0	0	0
335	Plpp3	NM_080555	180951	0	0	0
336	Caskin2	NM_080643	9947	0	1	0
337	Olfr138	NM_130868	-27938	0	0	0
338	Otud7a	NM_130880	87060	0	0	1
339	Fam198b	NM_133187	339997	0	0	0
340	Snrk	NM_133741	49626	0	1	0
341	Ubac1	NM_133835	575	1	0	1
342	Usb1	NM_133954	8981	0	0	1
343	Dapk1	NM_134062	84804	0	0	1
344	Vmn1r75	NM_134207	18943	0	0	0
345	Vmn1r27	NM_134436	44903	0	0	0
346	Satb2	NM_139146	15779	0	0	1
347	Mylk	NM_139300	40801	0	0	1
348	Trib2	NM_144551	335349	0	0	0
349	Mettl13	NM_144877	5659	0	0	1
350	Nkx6-1	NM_144955	306470	0	0	0
351	Spsb4	NM_145134	62080	0	0	1
352	Wasf3	NM_145155	731	1	0	1
353	Btbd2	NM_145361	-363	1	0	0
354	Btbd2	NM_145361	-7442	0	0	0
355	Slc44a3	NM_145394	-13178	0	0	0
356	Slc5a8	NM_145423	114432	0	0	1
357	Stk24	NM_145465	-43039	0	0	0
358	Tbc1d22a	NM_145476	7575	0	0	1
359	Rin1	NM_145495	1632	0	1	0
360	Thumpd1	NM_145585	-10346	0	0	0
361	Lrrc3b	NM_146052	-121192	0	0	0
362	Lrrc3b	NM_146052	-152200	0	0	0
363	Lyplal1	NM_146106	-123596	0	0	0
364	Armc5	NM_146205	-278	1	1	0
365	Olfr720	NM_146392	-67657	0	0	0
366	Olfr1370	NM_146535	18434	0	0	0
367	Dicer1	NM_148948	-49001	0	0	1
368	9530068E07Rik	NM_153117	130842	0	0	0
369	Syne1	NM_153399	4614	0	0	1
370	Ago1	NM_153403	-24938	0	0	1
371	Kcng3	NM_153512	695	1	1	0
372	Opalin	NM_153520	9364	0	1	0
373	Opalin	NM_153520	-51364	0	1	0
374	Opalin	NM_153520	-51386	0	1	0
375	Opalin	NM_153520	-51392	0	1	0
376	Igsf11	NM_170599	52267	0	0	1
377	Igsf11	NM_170599	194384	0	0	0
378	Igsf11	NM_170599	194424	0	0	0
379	Cpne9	NM_170673	-1075	0	1	0
380	Ofcc1	NM_172143	-103018	0	0	0
381	Wdr11	NM_172255	183555	0	0	0
382	Dmrta2	NM_172296	3997	0	1	0
383	Tshz3	NM_172298	-217109	0	0	0
384	Tshz3	NM_172298	-216985	0	0	0
385	Zfp536	NM_172385	-2454	0	0	0
386	Megf11	NM_172522	-119	1	0	0
387	Cnksr3	NM_172546	51071	0	0	1
388	Mpped1	NM_172610	-432	1	0	0
389	Mtmr10	NM_172742	-72	1	0	0
390	Enox1	NM_172813	-33087	0	0	0
391	D8Ertd82e	NM_172911	9109	0	1	0
392	Col6a6	NM_172927	31811	0	1	0
393	Arhgap28	NM_172964	124031	0	0	1
394	Fndc3b	NM_173182	68	1	1	0
395	4930595M18Rik	NM_173435	-296672	0	0	0
396	Nrip1	NM_173440	-165451	0	0	0
397	Rccd1	NM_173445	-1765	0	0	1
398	Rccd1	NM_173445	-1175	0	1	0
399	Tdrp	NM_173744	42	1	1	0
400	Tapt1	NM_173764	-247151	0	0	1
401	Phf12	NM_174852	343	1	1	0
402	Mmgt2	NM_175002	22100	0	0	0
403	Adnp2	NM_175028	38772	0	0	1
404	Hmgn3	NM_175074	-86873	0	0	0
405	Chst8	NM_175140	191	1	1	0
406	Rassf10	NM_175279	354	1	1	0
407	Fzd10	NM_175284	55578	0	0	0
408	Fam46b	NM_175307	-31827	0	0	0
409	Tspan9	NM_175414	-19721	0	0	0
410	Plekhb2	NM_175421	357114	0	0	0
411	Zfp710	NM_175433	14536	0	0	1
412	Osbpl8	NM_175489	-8485	0	0	0
413	Osbpl8	NM_175489	-8482	0	0	0
414	Zfp804a	NM_175513	276424	0	0	0
415	Wdr43	NM_175639	-1001	1	0	0
416	Acer1	NM_175731	9574	0	0	1
417	Arglu1	NM_176849	-20908	0	0	0
418	6430573F11Rik	NM_176952	-112793	0	0	0
419	Sp8	NM_177082	-9789	0	0	0
420	Fam179a	NM_177087	33286	0	0	1
421	Lypd6	NM_177139	21693	0	0	1
422	L3mbtl4	NM_177278	183480	0	1	0
423	Dmrt3	NM_177360	-5155	0	0	0
424	Ust	NM_177387	269471	0	0	1
425	Tram2	NM_177409	-17689	0	0	0
426	Ttc22	NM_177667	3159	0	0	1
427	Zfp507	NM_177739	-250529	0	0	0
428	Ppp1r3b	NM_177741	-118732	0	0	0
429	D11Wsu47e	NM_177777	4403	0	1	0
430	Cidec	NM_178373	7401	0	0	1
431	Rnf24	NM_178607	15	1	1	1
432	Rgmb	NM_178615	19229	0	1	0
433	Plppr1	NM_178756	62607	0	0	1
434	Tmem72	NM_178768	-143653	0	0	0
435	Rnf152	NM_178779	216530	0	0	0
436	Epsti1	NM_178825	16966	0	0	1
437	Myo1e	NM_181072	91027	0	0	1
438	Anks1b	NM_181398	120121	0	0	1
439	Mkl2	NM_181860	5781	0	0	1
440	Fam19a2	NM_182807	134328	0	0	1
441	Tmem150c	NM_182841	180	1	1	0
442	Plekhm1	NM_183034	-92708	0	0	0
443	Fam107a	NM_183187	-1848	0	0	0
444	Fat4	NM_183221	4497	0	1	0
445	Kctd2	NM_183285	7619	0	0	1
446	Tcerg1l	NM_183289	-99568	0	0	0
447	Pbx1	NM_183355	169981	0	0	1
448	Esrp1	NM_194055	2777	0	0	1
449	Ffar1	NM_194057	632	1	1	0
450	Tspan15	NM_197996	43911	0	1	0
451	Rcor1	NM_198023	53388	0	0	1
452	Tex2	NM_198292	55381	0	0	1
453	Tex2	NM_198292	-13407	0	0	0
454	Arhgap39	NM_198420	-1003	0	0	0
455	Cdh26	NM_198656	236439	0	0	0
456	Gm5148	NM_198657	17041	0	0	0
457	B4galnt3	NM_198884	99689	0	0	1
458	Rusc2	NM_199057	8397	0	1	0
459	Flrt2	NM_201518	-1378451	0	0	0
460	Flrt2	NM_201518	-1378294	0	0	0
461	Flrt2	NM_201518	-1378247	0	0	0
462	Chrm5	NM_205783	748	1	1	0
463	Chrm5	NM_205783	747	1	1	0
464	H2-Ab1	NM_207105	1383	0	0	1
465	Osbpl1a	NM_207530	968	1	0	1
466	Dedd2	NM_207677	13871	0	0	1
467	B430010I23Rik	NR_015457	-31838	0	1	0
468	2900041M22Rik	NR_015489	-127010	0	0	0
469	2610035D17Rik	NR_015556	114705	0	0	1
470	2610035D17Rik	NR_015556	114680	0	0	1
471	2610035D17Rik	NR_015556	53531	0	0	1
472	Snhg20	NR_027059	-26258	0	0	0
473	Gorasp2	NR_027343	40192	0	0	0
474	4930470P17Rik	NR_027825	-60240	0	0	0
475	4933432I09Rik	NR_027843	34642	0	0	0
476	Igsf9b	NR_027907	890	1	1	0
477	1700029M20Rik	NR_027909	28142	0	0	0
478	Mgarp	NR_028121	8269	0	0	0
479	Dubr	NR_028300	-25217	0	0	0
480	Dubr	NR_028300	-61145	0	0	0
481	4930503E24Rik	NR_028310	83263	0	0	0
482	Ftx	NR_028380	5930	0	0	1
483	Gm10190	NR_028385	537	1	1	0
484	Tmem161b	NR_029419	59557	0	0	1
485	Mir9-2	NR_029545	41054	0	0	0
486	Mir122	NR_029600	-70772	0	0	1
487	Mir29a	NR_029744	11205	0	0	0
488	Mir9-3	NR_029818	3572	0	0	1
489	Gm3434	NR_030729	-21870	0	0	0
490	Gm6994	NR_033141	138987	0	0	1
491	Gm6994	NR_033141	-1530	0	0	1
492	9530091C08Rik	NR_033299	52074	0	0	1
493	Arid5a	NR_033310	-16250	0	0	0
494	Mir124-2hg	NR_033490	-461656	0	0	0
495	4933401B06Rik	NR_033580	-43523	0	0	0
496	Gm6300	NR_033591	-160352	0	0	0
497	E330020D12Rik	NR_033736	6466	0	0	1
498	Mir1905	NR_035434	22	1	1	0
499	Zim3	NR_036631	28375	0	0	1
500	Mir3065	NR_037225	-13211	0	1	1
501	Mir3079	NR_037240	-49044	0	0	1
502	Mir1906-2	NR_037313	262	1	0	1
503	Mir1906-2	NR_037313	262	1	0	1
504	2700046A07Rik	NR_037693	-47108	0	0	0
505	Gm10440	NR_038045	1628465	0	0	0
506	Mir378b	NR_039545	21252	0	0	1
507	Mir378b	NR_039545	123458	0	0	1
508	Mir5130	NR_039592	329284	0	0	0
509	4732490B19Rik	NR_040276	-58274	0	0	1
510	1700017J07Rik	NR_040326	9629	0	0	0
511	A230028O05Rik	NR_040374	-320	1	0	0
512	Gm11549	NR_040411	1067	0	1	0
513	1700028P15Rik	NR_040509	304879	0	0	0
514	Gm13490	NR_040639	-60573	0	0	0
515	4930556G01Rik	NR_040655	636565	0	0	0
516	BC039966	NR_040670	103729	0	0	0
517	4930448I18Rik	NR_040696	542669	0	0	0
518	4930428G15Rik	NR_040730	206186	0	0	0
519	1700034K08Rik	NR_040756	-53617	0	0	0
520	Gm6936	NR_045001	20587	0	0	0
521	Gm20187	NR_045052	54372	0	0	0
522	A330048O09Rik	NR_045162	-87275	0	0	0
523	A830082K12Rik	NR_045195	-34648	0	0	1
524	1700064M15Rik	NR_045288	72129	0	0	0
525	4921531P14Rik	NR_045361	131473	0	0	0
526	4930545E07Rik	NR_045374	126716	0	0	0
527	4930452A19Rik	NR_045433	49537	0	0	0
528	1700029N11Rik	NR_045489	111250	0	0	0
529	I730028E13Rik	NR_045705	-6444	0	0	0
530	1700030F04Rik	NR_045731	178122	0	0	0
531	1700030F04Rik	NR_045731	-29701	0	0	0
532	4930486I03Rik	NR_045734	121781	0	0	1
533	4930505G20Rik	NR_045761	-240589	0	0	1
534	3200001D21Rik	NR_045888	-32125	0	0	1
535	3100003L05Rik	NR_045907	109848	0	0	0
536	1700092K14Rik	NR_045930	55936	0	0	0
537	4930404H11Rik	NR_045941	-64459	0	0	0
538	4930432J09Rik	NR_045953	73304	0	0	0
539	4930465M20Rik	NR_045973	24935	0	0	0
540	4930465M20Rik	NR_045973	-3854	0	0	0
541	Gm11981	NR_046025	-44014	0	0	0
542	4931430N09Rik	NR_046053	-50275	0	0	1
543	Rn45s	NR_046233	556	1	1	0
544	Rn45s	NR_046233	559	1	1	0
545	Rn45s	NR_046233	1696	0	1	0
546	Gm38404	NR_073373	-68629	0	0	0
