	name	feature.name	dist.to.feature	prom	exon	intron
1	Prrxl1	NM_001001796	-321	1	0	0
2	Panx2	NM_001002005	7957	0	1	0
3	Rpl17	NM_001002239	249	1	0	1
4	Erbb2	NM_001003817	6785	0	0	1
5	Crtc1	NM_001004062	-13091	0	1	0
6	Zfp619	NM_001004139	34913	0	0	0
7	Cxxc4	NM_001004367	-221749	0	0	0
8	Ado	NM_001005419	-117923	0	0	0
9	Ado	NM_001005419	-117946	0	0	0
10	Eif2a	NM_001005509	-187	1	1	0
11	Unc13d	NM_001009573	14277	0	1	0
12	Scgb2b20	NM_001009952	36645	0	0	0
13	Hrh2	NM_001010973	72910	0	0	0
14	Zfp708	NM_001012448	4140	0	0	1
15	Fut10	NM_001012517	32002	0	0	1
16	Usp13	NM_001013024	-128	1	0	0
17	E2f8	NM_001013368	-646	1	0	0
18	Zfp930	NM_001013379	-32412	0	0	0
19	Dync1li2	NM_001013380	254	1	1	0
20	Lingo3	NM_001013758	143	1	0	1
21	Zfp488	NM_001013777	3264	0	0	1
22	Maml2	NM_001013813	-58969	0	0	0
23	Dyrk2	NM_001014390	527	1	0	1
24	Dppa4	NM_001018002	734	1	0	1
25	Mctp2	NM_001024703	849947	0	0	0
26	Mctp2	NM_001024703	849927	0	0	0
27	Mctp2	NM_001024703	849931	0	0	0
28	Ntrk2	NM_001025074	269273	0	0	1
29	Eno1b	NM_001025388	21374	0	0	0
30	Eno1b	NM_001025388	21374	0	0	0
31	Camk2d	NM_001025439	42339	0	0	1
32	Sox6	NM_001025560	111	1	1	1
33	Vrk1	NM_001029844	174655	0	0	0
34	Pdzd4	NM_001029868	695	1	0	1
35	Pdzd4	NM_001029868	260	1	1	0
36	Sdhaf1	NM_001033140	276	1	1	0
37	Fbxo33	NM_001033156	-212055	0	0	0
38	Fbxo33	NM_001033156	-301351	0	0	0
39	Gtf3c3	NM_001033194	-50186	0	0	1
40	Ccdc114	NM_001033243	606	1	0	1
41	Gm266	NM_001033248	-178	1	0	0
42	Qrich2	NM_001033267	391	1	0	1
43	Spata13	NM_001033272	-47544	0	0	0
44	Shb	NM_001033306	23551	0	0	1
45	Zbtb16	NM_001033324	10879	0	0	1
46	Lrrc30	NM_001033340	80295	0	0	0
47	Cdc42bpg	NM_001033342	442	1	0	1
48	Ccdc27	NM_001033455	-21723	0	1	0
49	Adamts17	NM_001033877	27695	0	0	1
50	Fam92b	NM_001033980	-51956	0	0	0
51	Limk2	NM_001034030	2811	0	1	1
52	Atp11c	NM_001037863	160	1	1	0
53	Gm6878	NM_001037931	5582	0	0	1
54	Glrx2	NM_001038594	13575	0	1	0
55	Defb25	NM_001039122	8085	0	0	0
56	Cd226	NM_001039149	113366	0	0	1
57	Triobp	NM_001039156	3410	0	0	1
58	Rbfox3	NM_001039167	706	1	0	1
59	Mex3c	NM_001039214	-136479	0	0	0
60	Mex3c	NM_001039214	29286	0	0	0
61	Plekhm3	NM_001039493	88833	0	0	1
62	Pigl	NM_001039536	-4	1	0	0
63	Nynrin	NM_001040072	10189	0	1	0
64	Shroom4	NM_001040459	273	1	0	1
65	Txnrd1	NM_001042523	-3723	0	0	0
66	Cyb5d1	NM_001045525	-84	1	0	0
67	Bdnf	NM_001048139	564	1	0	1
68	Sdhaf3	NM_001077713	55838	0	0	1
69	Bcl11b	NM_001079883	-565	1	0	0
70	Fam65b	NM_001080381	39181	0	1	0
71	Hdx	NM_001080549	-197811	0	0	0
72	Gtf2i	NM_001080746	-18400	0	0	0
73	Gtf2i	NM_001080746	-18390	0	0	0
74	Gtf2i	NM_001080749	17968	0	0	1
75	Prdm13	NM_001080771	-2949	0	0	0
76	Gm1123	NM_001080776	-51423	0	0	1
77	Ptpn23	NM_001081043	-5126	0	0	0
78	Trappc10	NM_001081055	-100	1	0	0
79	Pdzd2	NM_001081064	-91341	0	0	0
80	Armc3	NM_001081083	74258	0	0	1
81	Aunip	NM_001081099	-4034	0	1	0
82	Oxtr	NM_001081147	-64505	0	0	0
83	Npat	NM_001081152	-157	1	0	0
84	Chsy1	NM_001081163	-381	1	0	0
85	Lama5	NM_001081171	20876	0	0	1
86	Lama5	NM_001081171	1392	0	0	1
87	Adgrf5	NM_001081178	9371	0	0	1
88	L1td1	NM_001081202	29674	0	1	0
89	L1td1	NM_001081202	-13069	0	0	1
90	B3glct	NM_001081204	293	1	0	1
91	Fam186b	NM_001081254	7848	0	1	0
92	Tmem28	NM_001081283	32369	0	0	0
93	Tmem28	NM_001081283	-969	1	0	0
94	Tshz1	NM_001081300	346075	0	0	0
95	Trio	NM_001081302	102084	0	0	1
96	Mphosph9	NM_001081323	101	1	1	0
97	Hs3st2	NM_001081327	-141321	0	0	0
98	Hs3st2	NM_001081327	-65	1	0	0
99	Elp6	NM_001081381	-23892	0	0	0
100	Rimbp2	NM_001081388	107060	0	0	1
101	Camta1	NM_001081557	299325	0	0	1
102	Camta1	NM_001081557	391925	0	0	1
103	Camta1	NM_001081557	296102	0	0	1
104	Dytn	NM_001081658	81629	0	0	0
105	Lhx6	NM_001083127	6459	0	0	1
106	Lhx6	NM_001083127	6300	0	0	1
107	Ptchd2	NM_001083342	31147	0	1	0
108	Xirp2	NM_001083919	-45971	0	0	0
109	Pramef6	NM_001085414	18295	0	0	0
110	Zfp467	NM_001085416	6176	0	1	1
111	Gm436	NM_001085504	9542	0	0	1
112	Gm436	NM_001085504	25001	0	0	0
113	Ptchd1	NM_001093750	-214081	0	0	0
114	Myadm	NM_001093766	4114	0	1	0
115	Kif26a	NM_001097621	31671	0	1	0
116	Nr1i2	NM_001098404	89311	0	0	1
117	Tox2	NM_001098799	-36789	0	0	0
118	Ptrh2	NM_001098810	14075	0	0	1
119	Ajap1	NM_001099299	538	1	1	0
120	Ajap1	NM_001099299	20682	0	0	1
121	Myof	NM_001099634	57753	0	0	1
122	Pklr	NM_001099779	11294	0	1	0
123	Gsg1l	NM_001101488	122234	0	0	1
124	Stx16	NM_001102423	-89126	0	0	0
125	Skor2	NM_001109743	15871	0	0	1
126	Apold1	NM_001109914	-18664	0	0	0
127	Banp	NM_001110100	123690	0	0	0
128	Keap1	NM_001110305	11284	0	0	0
129	Cd34	NM_001111059	99	1	1	0
130	Sprtn	NM_001111141	14889	0	0	1
131	Sprtn	NM_001111141	14853	0	0	1
132	Shank2	NM_001113373	-42525	0	0	1
133	Lrrc32	NM_001113379	-10653	0	0	0
134	Sept9	NM_001113487	19476	0	0	1
135	Sept9	NM_001113487	-1406	0	0	1
136	Sept9	NM_001113487	-1439	0	0	1
137	Sox5	NM_001113559	159386	0	0	1
138	Mtcl1	NM_001114098	107975	0	0	1
139	Tfap2a	NM_001122948	20216	0	0	0
140	Sema4c	NM_001126047	-11465	0	0	1
141	Pparg	NM_001127330	538	1	0	1
142	Snx10	NM_001127348	9585	0	0	1
143	Epb41	NM_001128606	65	1	1	1
144	Epb41	NM_001128607	-17779	0	0	0
145	Arhgef1	NM_001130152	27766	0	0	0
146	Jade1	NM_001130186	19561	0	0	1
147	Nucb2	NM_001130479	139584	0	0	0
148	Nucb2	NM_001130479	79928	0	0	0
149	Prr23a1	NM_001134660	-11175	0	0	0
150	CK137956	NM_001134733	211788	0	0	0
151	CK137956	NM_001134733	211781	0	0	0
152	Ppp2r5c	NM_001135001	-73685	0	0	0
153	3110062M04Rik	NM_001135611	-39	1	0	0
154	Nfatc2	NM_001136073	36629	0	0	1
155	Golga7b	NM_001141983	-16418	0	0	0
156	Tgif2lx2	NM_001142750	-252674	0	0	0
157	Tgif2lx2	NM_001142750	-252674	0	0	0
158	Tcf7l2	NM_001142924	134641	0	0	0
159	Tcf7l2	NM_001142924	134662	0	0	0
160	Frrs1l	NM_001142965	-5400	0	0	0
161	H2-Q4	NM_001143689	-60	1	0	0
162	Arhgef33	NM_001145452	15241	0	0	1
163	Rfx8	NM_001145660	32203	0	0	1
164	Tenm3	NM_001145937	-20628	0	0	0
165	C5ar2	NM_001146005	4288	0	0	1
166	C5ar2	NM_001146005	4257	0	0	1
167	C5ar2	NM_001146005	4256	0	0	1
168	Wdfy4	NM_001146022	75446	0	1	0
169	Hk1	NM_001146100	10535	0	0	1
170	Mrps10	NM_001146211	-12	1	0	0
171	Smoc1	NM_001146217	276	1	1	0
172	Gjc1	NM_001159382	425	1	0	1
173	H2afy	NM_001159514	18354	0	0	1
174	H2afy	NM_001159514	82954	0	0	0
175	Tfap2c	NM_001159696	188033	0	0	0
176	Ccdc85c	NM_001159910	30381	0	0	1
177	Klhdc7b	NM_001160178	-3798	0	0	0
178	Nfasc	NM_001160316	-18007	0	0	1
179	Ppp2r3a	NM_001161362	-365657	0	0	0
180	Cdkn1c	NM_001161624	32355	0	0	0
181	Cdkn1c	NM_001161624	15930	0	0	0
182	Kif26b	NM_001161665	386360	0	1	0
183	Mthfr	NM_001161798	-948	1	0	1
184	Cog5	NM_001163126	181	1	0	1
185	Enthd1	NM_001163189	129878	0	0	0
186	Fscb	NM_001163271	1066116	0	0	0
187	Snx11	NM_001163389	102174	0	0	1
188	Snx11	NM_001163389	129771	0	0	1
189	Cox18	NM_001163456	8910	0	1	0
190	Wnt7b	NM_001163634	15860	0	0	1
191	Pdik1l	NM_001163794	990	1	0	1
192	Ntf3	NM_001164035	22491	0	0	1
193	Mb	NM_001164048	23733	0	0	0
194	Pex3	NM_001164195	-130782	0	0	1
195	Nt5c2	NM_001164363	-8186	0	1	0
196	Nt5c2	NM_001164365	-20564	0	0	1
197	Sipa1	NM_001164568	2861	0	1	0
198	Irf2bp2	NM_001164598	-8220	0	0	0
199	Irf2bp2	NM_001164598	672	1	1	0
200	Amigo2	NM_001164602	-225337	0	0	0
201	Rnf14	NM_001164621	-12	1	1	0
202	Soga1	NM_001164663	13236	0	0	1
203	Robo3	NM_001164767	-27387	0	0	0
204	Hnrnpf	NM_001166427	416	1	0	1
205	Slc39a11	NM_001166503	169136	0	0	1
206	Dgkz	NM_001166597	2267	0	0	1
207	Ephb1	NM_001168296	361500	0	0	1
208	Ephb1	NM_001168296	387181	0	0	1
209	Ephb1	NM_001168296	382162	0	0	1
210	Dynll2	NM_001168472	35716	0	0	0
211	Mapk14	NM_001168513	-279	1	0	1
212	Tsku	NM_001168540	130	1	0	1
213	Slc35b3	NM_001170431	-213371	0	0	0
214	Cacna2d2	NM_001174048	792	1	0	1
215	Nfkb2	NM_001177370	10095	0	0	1
216	Cpeb2	NM_001177379	-571555	0	0	0
217	Nsmf	NM_001177654	-14687	0	1	0
218	Tsc22d1	NM_001177751	22	1	1	1
219	Rreb1	NM_001177869	41378	0	1	1
220	Mrps36	NM_001190264	139	1	0	1
221	Adamtsl3	NM_001190374	75692	0	0	1
222	Abhd12b	NM_001195033	-18145	0	0	0
223	Pak3	NM_001195049	-931	1	0	1
224	Phc2	NM_001195083	-15254	0	1	0
225	Gm5294	NM_001195128	1099	0	0	1
226	Arhgap32	NM_001195632	-83308	0	0	0
227	Lrrc74a	NM_001195767	68121	0	0	0
228	Arhgef2	NM_001198913	12828	0	0	1
229	Lgals8	NM_001199043	-16527	0	1	0
230	Reep3	NM_001204915	190372	0	0	0
231	Jdp2	NM_001205053	8128	0	1	0
232	Gramd4	NM_001205353	55108	0	0	1
233	Hk3	NM_001206391	14868	0	1	0
234	Arntl	NM_001243048	73552	0	0	1
235	Sema3a	NM_001243072	-301629	0	0	0
236	Fam19a5	NM_001252310	-110154	0	0	0
237	Fam19a5	NM_001252310	386	1	0	1
238	Slc6a15	NM_001252330	242119	0	0	0
239	St6gal1	NM_001252506	10339	0	0	1
240	Sulf2	NM_001252578	56942	0	0	1
241	Rhobtb1	NM_001252636	-216561	0	0	0
242	Tbc1d7	NM_001252639	-40327	0	0	1
243	Tet1	NM_001253857	-7164	0	0	0
244	Scn5a	NM_001253860	15069	0	0	1
245	Scn5a	NM_001253860	10216	0	0	1
246	Scn5a	NM_001253860	-6949	0	0	1
247	1700023F06Rik	NM_001254724	15903	0	0	1
248	7530416G11Rik	NM_001256072	-4489	0	0	0
249	7530416G11Rik	NM_001256072	-4507	0	0	0
250	Igip	NM_001267796	20338	0	0	0
251	Ccdc30	NM_001270435	93	1	1	0
252	Cdc7	NM_001271566	87418	0	0	0
253	Ackr3	NM_001271607	54006	0	0	0
254	Ano5	NM_001271879	-439	1	0	0
255	Spns2	NM_001276383	1670	0	0	1
256	Ube2dnl1	NM_001276396	-209682	0	0	0
257	Grip1	NM_001277292	-404	1	0	0
258	Grip1	NM_001277295	-22162	0	0	1
259	Umod	NM_001278605	2462	0	1	0
260	Acvr2a	NM_007396	-1128530	0	0	0
261	Adcy7	NM_007406	410	1	0	1
262	Adra2c	NM_007418	922	1	1	0
263	Adrb2	NM_007420	-593	1	0	0
264	Adrb2	NM_007420	202	1	1	0
265	Apc	NM_007462	-51929	0	0	0
266	Arf6	NM_007481	16208	0	0	0
267	Arf6	NM_007481	16207	0	0	0
268	Arg1	NM_007482	-88886	0	0	0
269	Art2a-ps	NM_007490	12023	0	0	0
270	Arx	NM_007492	11190	0	1	0
271	Bmi1	NM_007552	639	1	0	1
272	Bmp7	NM_007557	23123	0	0	1
273	Zfp36l1	NM_007564	99069	0	0	0
274	Zfp36l1	NM_007564	-1459	0	0	0
275	Birc6	NM_007566	602	1	0	1
276	C1qc	NM_007574	2449	0	1	0
277	Anxa2	NM_007585	-16353	0	0	0
278	Cd9	NM_007657	3382	0	0	1
279	Cdkn2c	NM_007671	7823	0	0	0
280	Cfl1	NM_007687	141	1	1	0
281	Cit	NM_007708	68588	0	0	1
282	Cnr1	NM_007726	-146	1	0	0
283	Col4a4	NM_007735	58594	0	0	1
284	Cox6a1	NM_007748	-9143	0	0	0
285	Cox7c	NM_007749	-1081595	0	0	0
286	Cox7c	NM_007749	-1081698	0	0	0
287	Cpd	NM_007754	56	1	1	0
288	Cyb561	NM_007805	154095	0	0	1
289	Ddost	NM_007838	5682	0	0	1
290	Dtnb	NM_007886	673	1	0	1
291	Elk4	NM_007923	809	1	0	1
292	Enpep	NM_007934	51988	0	1	0
293	Ercc1	NM_007948	-2861	0	0	0
294	Ercc1	NM_007948	-2898	0	0	0
295	Mecom	NM_007963	35760	0	0	1
296	F9	NM_007979	-432051	0	0	0
297	Fscn1	NM_007984	21960	0	0	0
298	Fgd1	NM_008001	551	1	1	0
299	Fgd1	NM_008001	544	1	1	0
300	Igfbp7	NM_008048	-175	1	0	0
301	Gabrg2	NM_008073	212473	0	0	0
302	Gap43	NM_008083	185853	0	0	0
303	Gdi2	NM_008112	141	1	1	0
304	Gnb1	NM_008142	885	1	0	1
305	Grin2d	NM_008172	285	1	1	0
306	Thumpd3	NM_008188	-28586	0	0	0
307	H3f3a	NM_008210	14086	0	0	0
308	Hes1	NM_008235	25189	0	0	0
309	Foxd1	NM_008242	116	1	1	0
310	Hint1	NM_008248	523	1	0	1
311	Hn1	NM_008258	344	1	0	1
312	Hsd17b3	NM_008291	94910	0	0	0
313	Htr1a	NM_008308	145	1	1	0
314	Irf8	NM_008320	168490	0	0	0
315	Itga6	NM_008397	25552	0	0	1
316	Itga6	NM_008397	37232	0	0	1
317	Klc2	NM_008451	-60550	0	0	1
318	Klra5	NM_008463	-17331	0	0	0
319	Sh2b3	NM_008507	19157	0	1	0
320	Lyl1	NM_008535	5345	0	0	0
321	Marcks	NM_008538	-248125	0	0	0
322	Met	NM_008591	-65416	0	0	0
323	Mitf	NM_008601	25817	0	0	1
324	Mmp2	NM_008610	230	1	1	0
325	Nkx2-3	NM_008699	135	1	1	0
326	Nkx2-3	NM_008699	4027	0	0	0
327	Nkx2-3	NM_008699	25	1	1	0
328	Nrtn	NM_008738	4193	0	0	1
329	Pdcd2	NM_008799	-9395	0	0	0
330	Pepd	NM_008820	27451	0	0	1
331	Pet2	NM_008821	92094	0	0	0
332	Prkcb	NM_008855	487	1	0	1
333	Phox2b	NM_008888	2592	0	1	0
334	Rps29	NM_009093	15786	0	0	0
335	Exoc4	NM_009148	340	1	0	1
336	Selplg	NM_009151	-14223	0	0	1
337	Siah1a	NM_009172	-11754	0	0	0
338	Siah1b	NM_009173	174	1	0	1
339	Siah1b	NM_009173	209	1	0	1
340	Sstr3	NM_009218	475	1	1	0
341	Supt6	NM_009297	-17	1	0	0
342	Thy1	NM_009382	-22827	0	0	0
343	Top2b	NM_009409	-56660	0	0	1
344	Tpi1	NM_009415	265	1	1	0
345	Tpi1	NM_009415	274	1	1	0
346	Tpi1	NM_009415	279	1	1	0
347	Tpi1	NM_009415	-3716	0	1	0
348	Traf4	NM_009423	-4563	0	0	1
349	Ttf1	NM_009442	233	1	0	1
350	Umps	NM_009471	-117260	0	0	1
351	Umps	NM_009471	-186391	0	1	1
352	Vamp3	NM_009498	-233036	0	0	1
353	Wnt11	NM_009519	-3580	0	0	0
354	Wnt11	NM_009519	-3577	0	0	0
355	Wnt11	NM_009519	32098	0	0	0
356	Wnt7b	NM_009528	-33299	0	0	0
357	Xrcc1	NM_009532	690	1	1	0
358	Zfp64	NM_009564	23836	0	0	1
359	Zic3	NM_009575	7964	0	0	0
360	Adra2b	NM_009633	-6808	0	1	0
361	Ahnak	NM_009643	1011	0	0	1
362	Anxa5	NM_009673	656	1	0	1
363	Ap3b1	NM_009680	3581	0	0	1
364	Ap3b1	NM_009680	78808	0	0	1
365	Apoe	NM_009696	-2370	0	1	0
366	Neurog2	NM_009718	700	1	1	0
367	Atp8a1	NM_009727	41217	0	0	1
368	Bfsp1	NM_009751	468	1	1	0
369	Bfsp1	NM_009751	515	1	1	0
370	C1qb	NM_009777	24148	0	0	0
371	Casq2	NM_009814	48433	0	0	1
372	Ctnna1	NM_009818	525	1	0	1
373	Runx1	NM_009821	91256	0	1	0
374	Runx1	NM_009821	91211	0	1	0
375	Cdh11	NM_009866	1678411	0	0	0
376	Cdkn1b	NM_009875	-3810	0	0	0
377	Celsr1	NM_009886	54899	0	1	0
378	Celsr1	NM_009886	4191	0	0	1
379	Col4a1	NM_009931	33387	0	0	1
380	Igf2bp1	NM_009951	162	1	1	0
381	Bcar1	NM_009954	-12590	0	0	0
382	Cyp2a4	NM_009997	28231	0	0	0
383	Cyp2a4	NM_009997	28182	0	0	0
384	Dhfr	NM_010049	-78234	0	0	1
385	Dlx6	NM_010057	-7681	0	0	1
386	Dst	NM_010081	-43691	0	0	1
387	Dst	NM_010081	17616	0	1	1
388	Dtna	NM_010087	-104546	0	0	0
389	S1pr3	NM_010101	-15645	0	0	0
390	Efna5	NM_010109	15498	0	0	1
391	Efnb1	NM_010110	642	1	1	0
392	Epas1	NM_010137	1663	0	0	1
393	Epha7	NM_010141	303751	0	0	0
394	Epha7	NM_010141	303698	0	0	0
395	Ephb2	NM_010142	38006	0	0	1
396	Ephb2	NM_010142	57532	0	0	1
397	F2rl2	NM_010170	66351	0	1	0
398	Fcgr2b	NM_010187	12882	0	0	1
399	Ctgf	NM_010217	55897	0	1	0
400	Gab2	NM_010248	-51094	0	0	1
401	Gbx2	NM_010262	45862	0	0	1
402	Gbx2	NM_010262	-9014	0	0	0
403	Gpd2	NM_010274	60	1	1	1
404	Tsc22d3	NM_010286	628	1	0	1
405	Gclc	NM_010295	62730	0	0	0
406	Gsr	NM_010344	13095	0	0	1
407	Hap1	NM_010404	168	1	1	0
408	Hey1	NM_010423	-50749	0	0	0
409	Hoxa5	NM_010453	-257	1	0	1
410	Hoxd1	NM_010467	-12924	0	0	0
411	Hrc	NM_010473	6626	0	0	1
412	Htr5b	NM_010483	27142	0	1	0
413	Il6ra	NM_010559	221	1	0	1
414	Kif15	NM_010620	63	1	1	0
415	Klf12	NM_010636	-158728	0	0	0
416	Kpna2	NM_010655	-13133	0	0	0
417	Lhx4	NM_010712	-1017	0	0	0
418	Lrrn2	NM_010732	48287	0	0	1
419	Ccndbp1	NM_010761	234	1	0	1
420	Man1a2	NM_010763	-34221	0	0	0
421	Sik1	NM_010831	-1244	0	0	0
422	Myd88	NM_010851	1901	0	1	0
423	Nefl	NM_010910	-34438	0	0	0
424	Oit3	NM_010959	2834	0	0	1
425	Pax9	NM_011041	105	1	1	0
426	Prkce	NM_011104	552	1	1	0
427	Prkce	NM_011104	158	1	1	0
428	Plaur	NM_011113	4331	0	0	1
429	Plod1	NM_011122	14413	0	0	1
430	Pole2	NM_011133	7439	0	0	1
431	Prep	NM_011156	94898	0	0	0
432	Prep	NM_011156	94826	0	0	0
433	Ptpn1	NM_011201	-192	1	0	0
434	Rad51	NM_011234	145	1	1	0
435	Pitpnm2	NM_011256	-2545	0	0	0
436	Rev3l	NM_011264	369	1	1	0
437	Rnf2	NM_011277	749	1	0	1
438	Rnf4	NM_011278	16	1	1	0
439	Polr2j	NM_011293	-13168	0	0	1
440	Sub1	NM_011294	675	1	0	1
441	Scn8a	NM_011323	50295	0	0	1
442	Six2	NM_011380	917	1	0	1
443	Six4	NM_011382	9494	0	1	0
444	Sox14	NM_011440	820	1	1	0
445	Tbx1	NM_011532	-4758	0	0	0
446	Tbx5	NM_011537	32019	0	0	1
447	Tesk1	NM_011571	664	1	1	0
448	Tex264	NM_011573	38	1	1	1
449	Tom1	NM_011622	575	1	0	1
450	Tsn	NM_011650	237826	0	0	0
451	Dctn6	NM_011722	13497	0	0	1
452	Dctn6	NM_011722	13498	0	0	1
453	Xlr	NM_011725	-116615	0	0	0
454	Lamc3	NM_011836	-6530	0	0	0
455	Osr1	NM_011859	101	1	1	0
456	Sept3	NM_011889	-6793	0	0	0
457	Spry4	NM_011898	30545	0	0	0
458	Gnpda1	NM_011937	-9926	0	0	0
459	Map3k1	NM_011945	7388	0	0	1
460	Rpl27a	NM_011975	-214	1	0	0
461	Pclo	NM_011995	24709	0	1	0
462	Arhgef28	NM_012026	150774	0	0	1
463	St6galnac5	NM_012028	-140153	0	0	0
464	Etv3	NM_012051	-25289	0	1	0
465	Rps3	NM_012052	270	1	0	1
466	Cpe	NM_013494	25214	0	0	1
467	Frg1	NM_013522	-141294	0	0	0
468	P3h3	NM_013534	451	1	1	0
469	Hprt	NM_013556	479	1	0	1
470	Eif2ak1	NM_013557	-53718	0	0	0
471	Lifr	NM_013584	10302	0	0	1
472	Oprd1	NM_013622	-21297	0	0	0
473	Psmb10	NM_013640	1152	0	1	0
474	Srsf3	NM_013663	-7462	0	0	0
475	Zfp30	NM_013705	8226	0	1	0
476	Nrk	NM_013724	-146	1	0	0
477	Csnk1e	NM_013767	15756	0	1	0
478	Ror1	NM_013845	80045	0	0	1
479	Ror1	NM_013845	80107	0	0	1
480	Ror1	NM_013845	-47573	0	0	0
481	Cabp1	NM_013879	-106	1	0	0
482	Pcsk1n	NM_013892	121	1	1	0
483	Adat1	NM_013925	3236	0	0	1
484	Gbx1	NM_015739	736	1	1	0
485	Atp8a2	NM_015803	-34768	0	0	0
486	Pknox1	NM_016670	273	1	0	1
487	Aqp3	NM_016689	2498	0	0	1
488	Gpc3	NM_016697	142	1	1	1
489	Tpmt	NM_016785	61	1	1	0
490	Srrm1	NM_016799	433	1	0	1
491	Chst3	NM_016803	35568	0	1	0
492	Ppp1r3c	NM_016854	20286	0	0	0
493	Olig1	NM_016968	9781	0	0	0
494	Rab11a	NM_017382	64414	0	0	1
495	Kat6b	NM_017479	944	1	0	1
496	Rassf5	NM_018750	19900	0	0	1
497	Zfp326	NM_018759	101851	0	0	0
498	Ntsr1	NM_018766	-11433	0	0	0
499	Dfna5	NM_018769	-16499	0	0	0
500	Egr3	NM_018781	-43094	0	0	1
501	Extl3	NM_018788	31929	0	0	1
502	Hils1	NM_018792	3624	0	1	0
503	Plxnc1	NM_018797	-71465	0	0	0
504	Pebp1	NM_018858	56377	0	0	1
505	Adgrg1	NM_018882	2220	0	0	1
506	Nmi	NM_019401	-12320	0	0	0
507	Robo1	NM_019413	335076	0	0	1
508	Irgm2	NM_019440	9576	0	0	0
509	Ndufa1	NM_019443	-24	1	0	0
510	Olfr155	NM_019473	5713	0	0	0
511	Uso1	NM_019490	-26677	0	0	0
512	Uchl5	NM_019562	86	1	1	0
513	Uchl5	NM_019562	77	1	1	0
514	Uchl5	NM_019562	84	1	1	0
515	Uchl5	NM_019562	97	1	1	0
516	Uchl5	NM_019562	102	1	1	0
517	Wwox	NM_019573	43537	0	0	1
518	Plce1	NM_019588	97605	0	0	1
519	Plce1	NM_019588	97629	0	0	1
520	Ykt6	NM_019661	31762	0	0	1
521	Htra2	NM_019752	318	1	1	0
522	Plp2	NM_019755	71	1	1	0
523	Spen	NM_019763	32553	0	0	1
524	Rab9	NM_019773	180	1	1	0
525	Tbk1	NM_019786	150	1	0	1
526	Trpc4ap	NM_019828	118	1	1	0
527	Git2	NM_019834	3	1	1	0
528	B4galt5	NM_019835	-23151	0	0	0
529	Tlx3	NM_019916	274	1	1	0
530	Pf4	NM_019932	179	1	1	0
531	Pdgfc	NM_019971	396	1	1	0
532	Stard10	NM_019990	12519	0	0	1
533	Pnkd	NM_019999	8073	0	0	1
534	B3galt2	NM_020025	-1137994	0	0	0
535	Tmem9b	NM_020050	4	1	1	0
536	Nrxn1	NM_020252	-1030823	0	0	0
537	Hhip	NM_020259	-208235	0	0	0
538	Insm2	NM_020287	841	1	1	0
539	Slc16a8	NM_020516	-8872	0	0	1
540	Fbxo3	NM_020593	726	1	0	1
541	Sez6	NM_021286	361	1	0	1
542	Snrpa1	NM_021336	-40523	0	0	1
543	Tesc	NM_021344	9102	0	0	1
544	Htr6	NM_021358	-672	1	0	0
545	Cnot9	NM_021383	-443	1	0	1
546	Ush2a	NM_021408	318523	0	0	1
547	Nectin1	NM_021424	44383	0	0	1
548	Dexi	NM_021428	229	1	1	0
549	Taf1c	NM_021441	11904	0	0	1
550	Mlxipl	NM_021455	-10912	0	0	0
551	Dysf	NM_021469	1188	0	0	1
552	Dysf	NM_021469	1176	0	0	1
553	Anapc5	NM_021505	19258	0	0	1
554	Moxd1	NM_021509	53950	0	0	1
555	Huwe1	NM_021523	29	1	1	0
556	Dact1	NM_021532	8265	0	1	0
557	Bhlhe22	NM_021560	1373	0	1	0
558	Midn	NM_021565	7994	0	0	1
559	Oca2	NM_021879	123638	0	0	1
560	Ube4b	NM_022022	25414	0	0	1
561	Popdc2	NM_022318	11518	0	0	1
562	Ptges	NM_022415	-17089	0	0	0
563	Ireb2	NM_022655	358	1	0	1
564	Scube1	NM_022723	497	1	0	1
565	Rtn4r	NM_022982	-199	1	0	0
566	Pmepa1	NM_022995	-2666	0	0	0
567	Nuf2	NM_023284	-160	1	0	0
568	Eif4e2	NM_023314	-96	1	0	0
569	Tfcp2l1	NM_023755	-38142	0	0	1
570	Mphosph8	NM_023773	-39074	0	1	0
571	Mgea5	NM_023799	11	1	1	0
572	Slco3a1	NM_023908	264173	0	0	1
573	Cstf1	NM_024199	2270	0	0	1
574	Anapc4	NM_024213	-10104	0	0	0
575	Stambp	NM_024239	-36817	0	0	0
576	Hsdl2	NM_024255	-8821	0	0	0
577	Ssbp2	NM_024272	610	1	0	1
578	Haao	NM_025325	-20602	0	0	0
579	Haao	NM_025325	-112221	0	0	0
580	Chchd3	NM_025336	78660	0	0	1
581	Tmed6	NM_025458	-3546	0	0	0
582	Tmed6	NM_025458	-3537	0	0	0
583	1810009A15Rik	NM_025463	58	1	1	0
584	Commd5	NM_025536	-9171	0	1	0
585	Pyurf	NM_025574	163	1	1	0
586	Dtnbp1	NM_025772	178	1	1	0
587	Thap2	NM_025780	-144	1	0	0
588	Cyb5a	NM_025797	11222	0	0	1
589	Tril	NM_025817	39981	0	0	0
590	Rras2	NM_025846	52301	0	0	1
591	Pole4	NM_025882	80	1	1	0
592	Ift27	NM_025931	13922	0	0	1
593	Rars	NM_025936	-53239	0	0	1
594	Mettl21a	NM_025964	16439	0	1	0
595	Mettl21a	NM_025964	16452	0	1	0
596	Kbtbd4	NM_025991	124	1	1	0
597	2610301B20Rik	NM_026005	48858	0	0	0
598	Med18	NM_026039	8454	0	0	0
599	Eri1	NM_026067	-36660	0	0	0
600	Pigm	NM_026234	-7950	0	0	1
601	Necap1	NM_026267	74	1	1	0
602	Dusp6	NM_026268	22902	0	0	0
603	Tm7sf3	NM_026281	524	1	0	1
604	Tm7sf3	NM_026281	21276	0	0	1
605	Pop5	NM_026398	-619	1	0	0
606	Yipf4	NM_026417	-43	1	0	0
607	Fam212a	NM_026597	-1487	0	0	0
608	Bcas2	NM_026602	47519	0	0	0
609	Zdhhc21	NM_026647	97429	0	0	0
610	Ppp1r14a	NM_026731	3968	0	1	0
611	Tspan11	NM_026743	-21563	0	0	0
612	Hddc3	NM_026812	4694	0	0	0
613	Rreb1	NM_026830	-47199	0	0	0
614	Pygo2	NM_026869	-184	1	0	0
615	Srrm4	NM_026886	18781	0	0	1
616	1700008P02Rik	NM_027048	-200809	0	0	0
617	1700008O03Rik	NM_027049	22275	0	1	0
618	Casz1	NM_027195	144047	0	0	1
619	Rnf157	NM_027258	16802	0	1	0
620	Ube2q1	NM_027315	89	1	1	0
621	Ube2q1	NM_027315	94	1	1	0
622	Gorasp2	NM_027352	-19	1	0	0
623	Gpatch2l	NM_027405	-30532	0	0	0
624	Ica1l	NM_027407	-45	1	0	0
625	Pak4	NM_027470	9130	0	0	1
626	Pgrmc2	NM_027558	-802	1	0	0
627	Iqgap2	NM_027711	-100	1	0	0
628	Otud1	NM_027715	239381	0	0	0
629	9030624J02Rik	NM_027815	33621	0	0	1
630	Izumo4	NM_027829	-159	1	0	0
631	Zbtb43	NM_027947	4918	0	0	1
632	1700019O17Rik	NM_027966	19129	0	0	0
633	Cfap45	NM_027972	8786	0	1	0
634	Lypd6b	NM_027990	-56687	0	0	1
635	Cldn23	NM_027998	-67	1	0	0
636	Dnmbp	NM_028029	43416	0	0	1
637	Cnn3	NM_028044	-47318	0	0	0
638	Cnn3	NM_028044	-47297	0	0	0
639	Adpgk	NM_028121	-97318	0	0	0
640	Egln3	NM_028133	391278	0	0	1
641	Sh2d4a	NM_028182	-69171	0	0	0
642	Shmt2	NM_028230	-2652	0	0	0
643	Zfp131	NM_028245	429	1	0	1
644	Col16a1	NM_028266	20660	0	1	0
645	Ccdc12	NM_028312	10020	0	0	1
646	Asphd2	NM_028386	7384	0	0	0
647	Fezf1	NM_028462	-12445	0	0	0
648	Ccsap	NM_028536	20732	0	0	0
649	Mbd3l1	NM_028557	3120	0	0	1
650	Vgll3	NM_028572	-190	1	0	0
651	Ccdc3	NM_028804	89960	0	0	1
652	Rnd3	NM_028810	1723	0	0	1
653	Gtf2e1	NM_028812	3716	0	1	0
654	Lrrtm1	NM_028880	-744801	0	0	0
655	Hyal6	NM_028920	-12014	0	0	0
656	Taf7l	NM_028958	1592	0	0	1
657	Elovl7	NM_029001	48987	0	0	1
658	Kcnk16	NM_029006	30380	0	0	0
659	Kcnk16	NM_029006	30371	0	0	0
660	Spsb1	NM_029035	89304	0	0	0
661	Spsb1	NM_029035	89303	0	0	0
662	Syce1l	NM_029139	79039	0	0	1
663	Scamp1	NM_029153	93293	0	1	0
664	Scamp1	NM_029153	93301	0	1	0
665	Rasd2	NM_029182	33569	0	0	0
666	Dynlrb2	NM_029297	-233232	0	0	0
667	Bcor	NM_029510	253429	0	0	0
668	Bcor	NM_029510	81237	0	0	0
669	Bcor	NM_029510	253469	0	0	0
670	Bcor	NM_029510	91015	0	0	0
671	0610040J01Rik	NM_029554	17320	0	0	1
672	Pbp2	NM_029595	20788	0	0	0
673	Sun5	NM_029599	13390	0	0	1
674	Pcolce2	NM_029620	46946	0	0	1
675	Plet1	NM_029639	-50637	0	0	0
676	Ipo11	NM_029665	500	1	0	1
677	Dok5	NM_029761	-35316	0	0	0
678	Pomgnt1	NM_029786	-181	1	0	0
679	Lrg1	NM_029796	1711	0	1	0
680	Bcl7a	NM_029850	414	1	0	1
681	8030423J24Rik	NM_029873	380873	0	0	0
682	Stk31	NM_029916	92506	0	0	0
683	Arhgef38	NM_029953	732	1	0	1
684	Srbd1	NM_030133	186231	0	0	0
685	Ddit4l	NM_030143	113442	0	0	0
686	Clip4	NM_030179	185686	0	1	0
687	Clip4	NM_030179	185688	0	1	0
688	Trim42	NM_030219	54503	0	0	0
689	Agbl4	NM_030231	501359	0	0	1
690	N4bp1	NM_030563	-152920	0	0	0
691	Syt13	NM_030725	-64355	0	0	0
692	Vmn1r171	NM_030737	-7176	0	0	0
693	Sf3b1	NM_031179	322	1	0	1
694	Tfec	NM_031198	101396	0	0	0
695	Tfec	NM_031198	101433	0	0	0
696	Tsta3	NM_031201	1237	0	1	0
697	Zfp275	NM_031494	-41	1	0	0
698	Zfp275	NM_031494	-6	1	0	0
699	Zfp275	NM_031494	-12	1	0	0
700	Tas1r2	NM_031873	-12882	0	1	0
701	Zfp423	NM_033327	125477	0	0	1
702	Spred1	NM_033524	-35090	0	0	0
703	Pard3	NM_033620	-38494	0	0	0
704	Olig3	NM_053008	53108	0	0	0
705	Olig3	NM_053008	886	1	1	0
706	Agpat3	NM_053014	-15986	0	0	0
707	Chrac1	NM_053068	5276	0	0	0
708	Atg5	NM_053069	385	1	0	1
709	Csmd1	NM_053171	-412930	0	0	0
710	Foxp1	NM_053202	9629	0	0	1
711	Foxp2	NM_053242	-1422	0	0	0
712	Ehbp1l1	NM_053252	1084	0	0	1
713	Pip4k2b	NM_054051	-9192	0	0	1
714	Pawr	NM_054056	89136	0	0	0
715	Pawr	NM_054056	89068	0	0	0
716	Ceacam3	NM_054059	7992	0	1	0
717	Ivns1abp	NM_054102	-93779	0	0	0
718	Fezf2	NM_080433	3966	0	1	0
719	Tshz2	NM_080455	108775	0	0	1
720	Tshz2	NM_080455	-128477	0	0	0
721	Trhr2	NM_133202	24054	0	1	0
722	Trhr2	NM_133202	24052	0	1	0
723	Trhr2	NM_133202	24045	0	1	0
724	Trhr2	NM_133202	24027	0	1	0
725	Trhr2	NM_133202	24076	0	1	0
726	Cxxc5	NM_133687	4558	0	0	1
727	Nol11	NM_133702	104	1	1	0
728	Ctdspl	NM_133710	10596	0	0	1
729	Ctdspl	NM_133710	-62163	0	0	1
730	Errfi1	NM_133753	23644	0	0	0
731	Asl	NM_133768	7838	0	0	1
732	Tmem132a	NM_133804	2865	0	0	1
733	D1Ertd622e	NM_133825	-137	1	0	0
734	D1Ertd622e	NM_133825	649	1	0	1
735	Gltscr2	NM_133831	209	1	1	0
736	Rdh10	NM_133832	18	1	1	0
737	Ubac1	NM_133835	575	1	0	1
738	C8b	NM_133882	-124997	0	0	1
739	Pxn	NM_133915	8789	0	0	1
740	Mlxip	NM_133917	-24332	0	0	1
741	Rpn1	NM_133933	-28181	0	0	0
742	Plekha1	NM_133942	162	1	0	1
743	Rab15	NM_134050	4125	0	0	1
744	Slc38a1	NM_134086	48840	0	0	1
745	Kctd1	NM_134112	-24532	0	0	0
746	Kctd1	NM_134112	-24568	0	0	0
747	Vmn1r75	NM_134207	18943	0	0	0
748	Otud5	NM_138604	-26	1	0	0
749	Dgkg	NM_138650	85698	0	0	1
750	Nap1l3	NM_138742	1033172	0	0	0
751	Cabp7	NM_138948	15916	0	0	1
752	Mylk	NM_139300	69274	0	0	1
753	Ube2e2	NM_144839	-233819	0	0	0
754	Fam49b	NM_144846	-118622	0	0	1
755	Nrbp2	NM_144847	2836	0	0	1
756	Tmem45b	NM_144936	-209737	0	0	0
757	Nkx6-1	NM_144955	341366	0	0	0
758	Mchr1	NM_145132	2650	0	1	0
759	Eif3l	NM_145139	12806	0	0	1
760	Pomt1	NM_145145	-10349	0	1	0
761	Wasf3	NM_145155	731	1	0	1
762	Pla2g4b	NM_145378	5586	0	1	0
763	Slc44a3	NM_145394	-13184	0	0	0
764	Cerk	NM_145475	8811	0	0	1
765	Zfp521	NM_145492	317525	0	0	0
766	Sbk1	NM_145587	729	1	0	1
767	Sbk1	NM_145587	19767	0	1	0
768	Sbk1	NM_145587	19774	0	1	0
769	Sbk1	NM_145587	765	1	0	1
770	Sbk1	NM_145587	19817	0	1	0
771	Chmp1a	NM_145606	-17	1	0	0
772	Kank2	NM_145611	5592	0	0	1
773	Lin28a	NM_145833	1150	0	0	1
774	8430408G22Rik	NM_145980	1061	0	1	1
775	Hip1	NM_146001	-586	1	0	0
776	Lrrc3b	NM_146052	-121192	0	0	0
777	Lrrc3b	NM_146052	-152200	0	0	0
778	Zadh2	NM_146090	241481	0	0	1
779	Zadh2	NM_146090	157976	0	0	1
780	Cnst	NM_146105	106	1	0	1
781	Lyplal1	NM_146106	-123596	0	0	0
782	Tram1l1	NM_146140	521	1	1	0
783	Ipo13	NM_146152	-117	1	0	0
784	Vopp1	NM_146168	300	1	0	1
785	Ccdc106	NM_146178	222	1	1	0
786	Slc5a11	NM_146198	-14927	0	0	0
787	Cmtr2	NM_146215	14319	0	0	0
788	Rp1l1	NM_146246	29545	0	1	0
789	Olfr720	NM_146392	-67651	0	0	0
790	Olfr1370	NM_146535	18434	0	0	0
791	Gipc3	NM_148951	2067	0	1	0
792	Plk2	NM_152804	169399	0	0	0
793	Kcnq3	NM_152923	40271	0	0	1
794	Hrh4	NM_153087	356270	0	0	0
795	Prss42	NM_153099	-15476	0	0	0
796	Padi6	NM_153106	20389	0	1	0
797	Fnbp1l	NM_153118	-1458	0	0	0
798	Unc5a	NM_153131	-53940	0	0	0
799	Slc25a1	NM_153150	466	1	0	1
800	Mical3	NM_153396	36316	0	0	1
801	Syne1	NM_153399	4614	0	0	1
802	Ankrd23	NM_153502	-5179	0	0	1
803	Opalin	NM_153520	-51392	0	1	0
804	Opalin	NM_153520	-51364	0	1	0
805	Mboat1	NM_153546	45414	0	0	1
806	Cxcl17	NM_153576	-28191	0	0	1
807	Atg4d	NM_153583	44	1	1	0
808	Nars2	NM_153591	-43424	0	1	0
809	Nars2	NM_153591	-43437	0	1	0
810	Cdk8	NM_153599	29430	0	0	1
811	Snx17	NM_153680	496	1	0	1
812	Ipo9	NM_153774	-5966	0	1	0
813	Ipo9	NM_153774	-5973	0	1	0
814	Aifm2	NM_153779	17782	0	1	1
815	Cpne7	NM_170684	13983	0	0	1
816	Entpd6	NM_172117	4165	0	1	0
817	Sidt2	NM_172257	186	1	1	0
818	Vps18	NM_172269	8612	0	1	0
819	Plcg2	NM_172285	-9520	0	0	0
820	Tshz3	NM_172298	-217109	0	0	0
821	Tshz3	NM_172298	-216985	0	0	0
822	Tshz3	NM_172298	309014	0	0	0
823	Zfp536	NM_172385	-2454	0	0	0
824	Fam175a	NM_172405	-3630	0	0	0
825	Mfsd9	NM_172499	243	1	0	1
826	Nhlrc3	NM_172501	10689	0	1	0
827	Megf11	NM_172522	-92	1	0	0
828	Lrrc1	NM_172528	32405	0	0	1
829	Alx1	NM_172553	150729	0	0	0
830	Hlf	NM_172563	9391	0	0	1
831	Naprt	NM_172607	10355	0	0	0
832	Mpped1	NM_172610	-432	1	0	0
833	Sh3tc2	NM_172628	96871	0	0	0
834	Sh3tc2	NM_172628	-1117	0	0	0
835	Mapk4	NM_172632	900	1	0	1
836	Dars2	NM_172644	-51	1	0	0
837	Prrc2b	NM_172661	440	1	0	1
838	Prrc2b	NM_172661	22504	0	0	1
839	Uba6	NM_172712	232	1	0	1
840	Gcn1l1	NM_172719	4246	0	0	1
841	Adap1	NM_172723	405	1	0	1
842	Mtmr10	NM_172742	-72	1	0	0
843	Gramd1b	NM_172768	-83898	0	0	0
844	Lrp11	NM_172784	220	1	1	0
845	Sh3rf3	NM_172788	-3675	0	0	0
846	2900026A02Rik	NM_172884	25895	0	0	1
847	2900026A02Rik	NM_172884	-11635	0	0	0
848	Man2a2	NM_172903	30	1	1	0
849	Col6a6	NM_172927	35003	0	1	0
850	Nlgn3	NM_172932	193	1	0	1
851	Gphn	NM_172952	-370844	0	0	0
852	Tbcel	NM_173038	35159	0	0	1
853	Tbcel	NM_173038	15582	0	0	1
854	Xkr6	NM_173393	-233	1	0	0
855	Fam110b	NM_173426	119078	0	0	1
856	Klhdc7a	NM_173427	-69407	0	1	0
857	Nrip1	NM_173440	-165451	0	0	0
858	Rccd1	NM_173445	-1765	0	0	1
859	Tdrp	NM_173744	42	1	1	0
860	Mrps27	NM_173757	14524	0	0	1
861	Slc45a1	NM_173774	-24088	0	0	0
862	Olfm2	NM_173777	1280	0	0	1
863	Klf8	NM_173780	122006	0	0	1
864	Phf12	NM_174852	-8615	0	1	0
865	Disc1	NM_174853	106612	0	0	1
866	Disc1	NM_174853	206494	0	0	1
867	Cdh22	NM_174988	5392	0	0	1
868	Adgrb1	NM_174991	-65285	0	0	0
869	Adnp2	NM_175028	38772	0	0	1
870	Bcor	NM_175046	-7386	0	0	1
871	Bcor	NM_175046	-11305	0	0	1
872	Hmgn3	NM_175074	-51866	0	0	0
873	Stbd1	NM_175096	-188	1	0	0
874	Tmem177	NM_175106	-32846	0	0	1
875	Chst8	NM_175140	191	1	1	0
876	Stox2	NM_175162	-33238	0	0	0
877	Arhgap26	NM_175164	80	1	1	0
878	Lysmd4	NM_175215	-76898	0	0	1
879	Rassf10	NM_175279	354	1	1	0
880	Ano6	NM_175344	39280	0	0	1
881	Zdhhc15	NM_175358	272	1	1	0
882	Zdhhc15	NM_175358	245	1	1	0
883	Zdhhc15	NM_175358	256	1	1	0
884	Tspan9	NM_175414	108424	0	0	1
885	Tspan9	NM_175414	78980	0	0	1
886	Wdr18	NM_175450	-9374	0	1	1
887	Snx33	NM_175483	8935	0	0	1
888	Coro2b	NM_175484	-15967	0	0	0
889	Pnma2	NM_175498	-202	1	0	0
890	Tmem74	NM_175502	158146	0	0	0
891	Hist1h2ba	NM_175663	2813	0	0	0
892	C030006K11Rik	NM_176828	-1146	0	1	0
893	Bptf	NM_176850	-4562	0	0	0
894	Pld5	NM_176916	-91	1	0	0
895	Dusp4	NM_176933	-79760	0	0	0
896	Galm	NM_176963	2340	0	0	1
897	Trappc8	NM_177038	324	1	0	1
898	Grk3	NM_177078	23726	0	0	1
899	Sp8	NM_177082	-9789	0	0	0
900	Atp2b3	NM_177236	225	1	1	0
901	Atp2b3	NM_177236	227	1	1	0
902	Gk5	NM_177352	34748	0	0	1
903	Dmrt3	NM_177360	-5155	0	0	0
904	Rhbdd3	NM_177370	3338	0	0	1
905	Tnfsf15	NM_177371	3080	0	0	1
906	Tram2	NM_177409	-42	1	0	0
907	Slfnl1	NM_177570	-15333	0	1	0
908	Mkx	NM_177595	14460	0	0	1
909	Wscd1	NM_177618	90345	0	0	0
910	Fam43a	NM_177632	112831	0	0	1
911	Ttc22	NM_177667	3159	0	0	1
912	Lsm14b	NM_177727	-164	1	0	0
913	Zfp507	NM_177739	-354541	0	0	0
914	Zfp507	NM_177739	-358489	0	0	0
915	Zfp507	NM_177739	-250529	0	0	0
916	Ccdc60	NM_177759	95667	0	0	1
917	Ccdc60	NM_177759	95639	0	0	1
918	Ccdc60	NM_177759	95647	0	0	1
919	Trpa1	NM_177781	-176861	0	0	0
920	Zfp236	NM_177832	-269	1	0	0
921	Fam163a	NM_177838	183	1	1	0
922	Fam163a	NM_177838	160	1	1	0
923	E130311K13Rik	NM_177856	30690	0	0	0
924	Dgkk	NM_177914	-93714	0	0	0
925	Arel1	NM_178065	689	1	0	1
926	Fa2h	NM_178086	-30694	0	0	0
927	Fa2h	NM_178086	-30660	0	0	0
928	Trim62	NM_178110	23290	0	0	1
929	Lcorl	NM_178142	208	1	0	1
930	Cox10	NM_178379	68494	0	0	1
931	Zfp74	NM_178384	17397	0	1	0
932	Rnf24	NM_178607	15	1	1	1
933	Suds3	NM_178622	115180	0	0	0
934	Tmem108	NM_178638	86791	0	0	1
935	Lpp	NM_178665	-200364	0	0	0
936	Zfp365	NM_178679	107847	0	0	0
937	Depdc1b	NM_178683	91093	0	0	0
938	Slc6a1	NM_178703	48804	0	0	0
939	Prr18	NM_178774	433	1	1	0
940	Ldlrad3	NM_178886	114481	0	0	1
941	Hepacam2	NM_178899	30935	0	0	1
942	Trappc9	NM_180662	-35	1	0	0
943	Pxdn	NM_181395	64702	0	1	0
944	Pof1b	NM_181579	-70990	0	0	0
945	Ppp1r9a	NM_181595	237	1	0	1
946	Pcmtd1	NM_183028	85	1	1	0
947	Pcmtd1	NM_183028	64724	0	0	1
948	Plekhm1	NM_183034	-92708	0	0	0
949	4931429L15Rik	NM_183104	-123451	0	0	0
950	Elfn2	NM_183141	46118	0	1	0
951	Fat4	NM_183221	1023	0	1	0
952	Nr2f2	NM_183261	-521140	0	0	0
953	Coa4	NM_183270	2055	0	1	0
954	Dhrs13	NM_183286	354	1	1	0
955	Calu	NM_184053	280	1	0	1
956	Esrp1	NM_194055	2777	0	0	1
957	Esrp1	NM_194055	2763	0	0	1
958	Ffar1	NM_194057	632	1	1	0
959	Sgsm2	NM_197943	29383	0	1	0
960	Cachd1	NM_198037	-16353	0	0	0
961	Tanc1	NM_198294	290	1	0	1
962	Mtss1l	NM_198625	6171	0	0	1
963	Cdh26	NM_198656	236439	0	0	0
964	Stpg2	NM_198659	616004	0	0	0
965	Adgrl3	NM_198702	404462	0	0	1
966	B4galnt3	NM_198884	99689	0	0	1
967	B4galnt3	NM_198884	99167	0	0	1
968	3110062M04Rik	NM_199145	14	1	1	0
969	Flrt2	NM_201518	-1378451	0	0	0
970	Lmo7	NM_201529	169565	0	0	1
971	Lmo7	NM_201529	168653	0	1	0
972	Lmo7	NM_201529	169576	0	0	1
973	Lmo7	NM_201529	168656	0	1	0
974	Synm	NM_201639	196	1	1	0
975	H2-Ab1	NM_207105	1383	0	0	1
976	Ccdc87	NM_207268	100	1	1	0
977	Bcl2l11	NM_207680	-28111	0	0	1
978	Acsm3	NM_212442	-18635	0	0	0
979	Terc	NR_001579	10256	0	0	0
980	Gm12070	NR_002890	661091	0	0	0
981	Pla2g2a	NR_002926	-4631	0	0	1
982	4930448K20Rik	NR_004448	-255993	0	0	0
983	3830408C21Rik	NR_015471	223618	0	0	0
984	LOC100043315	NR_015482	-79724	0	0	1
985	A530013C23Rik	NR_015500	117843	0	0	0
986	5930412G12Rik	NR_015517	18736	0	0	1
987	2610035D17Rik	NR_015556	114680	0	0	1
988	2610035D17Rik	NR_015556	114705	0	0	1
989	9530036O11Rik	NR_015562	-538	1	0	1
990	4930470P17Rik	NR_027825	-16995	0	0	0
991	BB123696	NR_027893	2564	0	0	1
992	1700020N01Rik	NR_027968	-98673	0	0	0
993	5730522E02Rik	NR_027973	240181	0	0	1
994	2210417A02Rik	NR_028285	68760	0	0	0
995	4930503E24Rik	NR_028310	83263	0	0	0
996	Gm17762	NR_028378	-1043	0	1	0
997	Mirt1	NR_028427	23224	0	1	0
998	Tmem161b	NR_029419	59557	0	0	1
999	5033406O09Rik	NR_029464	16168	0	0	0
1000	Mirlet7i	NR_029527	72075	0	0	1
1001	Mir126a	NR_029541	-1986	0	1	0
1002	Mirlet7c-2	NR_029729	-886	1	0	0
1003	Mir34a	NR_029751	-1075	0	0	0
1004	Mir340	NR_029769	18864	0	0	1
1005	Mir139	NR_029791	-11058	0	0	1
1006	Mir9-3	NR_029818	3572	0	0	1
1007	Mir219a-2	NR_029838	283	1	0	0
1008	Mir762	NR_030428	-45	1	1	0
1009	Mir582	NR_030644	-207790	0	0	1
1010	Mir582	NR_030644	-207779	0	0	1
1011	A930011G23Rik	NR_030692	101986	0	0	1
1012	A930011G23Rik	NR_030692	-97829	0	0	0
1013	Smok4a	NR_030763	-50330	0	0	0
1014	Gm4792	NR_033209	49034	0	0	0
1015	Gm4792	NR_033209	-79289	0	0	0
1016	Gm4792	NR_033209	49072	0	0	0
1017	Gm4792	NR_033209	49045	0	0	0
1018	1700025C18Rik	NR_033448	-59719	0	0	1
1019	Gm11468	NR_033467	50076	0	0	0
1020	Gm11468	NR_033467	44143	0	0	0
1021	Spn-ps	NR_033583	-22665	0	0	0
1022	Gm13498	NR_033595	-23072	0	0	0
1023	Crnde	NR_033641	207	1	1	0
1024	Zscan4a	NR_033707	23070	0	0	0
1025	Mir1981	NR_035502	2169	0	0	1
1026	Gm6525	NR_036654	14801	0	0	1
1027	Mir3106	NR_037214	262814	0	1	0
1028	Mir3079	NR_037240	-49044	0	0	1
1029	Mir3102	NR_037289	5795	0	1	0
1030	Mir3102	NR_037289	1106	0	1	0
1031	Mir3102	NR_037289	-8249	0	0	1
1032	Mir3102	NR_037289	5794	0	1	0
1033	Mir3108	NR_037295	-42969	0	0	1
1034	Platr26	NR_037979	16243	0	0	0
1035	2310043L19Rik	NR_037994	-40809	0	0	0
1036	9630028B13Rik	NR_038006	8431	0	0	1
1037	Gm20110	NR_038019	-71378	0	0	0
1038	1700028I16Rik	NR_038042	4585	0	0	1
1039	Lhx1os	NR_038057	65566	0	0	0
1040	Six3os1	NR_038086	151160	0	0	0
1041	Mir378b	NR_039545	15170	0	0	1
1042	Mir5103	NR_039562	4787	0	0	0
1043	Mir5130	NR_039592	290	1	1	0
1044	4732490B19Rik	NR_040276	-45600	0	0	1
1045	1700017J07Rik	NR_040326	9629	0	0	0
1046	A230028O05Rik	NR_040374	-320	1	0	0
1047	5730403I07Rik	NR_040378	18229	0	0	1
1048	1810021B22Rik	NR_040417	7927	0	1	0
1049	Gm13003	NR_040443	36720	0	0	0
1050	1700017G19Rik	NR_040445	120622	0	0	0
1051	1700047G03Rik	NR_040447	-16578	0	0	0
1052	9230112J17Rik	NR_040463	505	1	0	1
1053	1700066B17Rik	NR_040465	12637	0	0	0
1054	4930448I06Rik	NR_040475	-715625	0	0	0
1055	Sox5os3	NR_040519	110126	0	0	0
1056	1700036G14Rik	NR_040542	-142513	0	0	0
1057	1700045H11Rik	NR_040649	72719	0	0	0
1058	4930556G01Rik	NR_040655	636565	0	0	0
1059	4930548K13Rik	NR_040656	-720931	0	0	0
1060	BC039966	NR_040670	103729	0	0	0
1061	2310034O05Rik	NR_040679	61578	0	0	0
1062	6030466F02Rik	NR_040702	17661	0	0	0
1063	6030466F02Rik	NR_040702	17649	0	0	0
1064	B930018H19Rik	NR_040706	232532	0	0	0
1065	4933422A05Rik	NR_040715	60109	0	0	0
1066	0610040F04Rik	NR_040757	161540	0	0	1
1067	Gm20187	NR_045052	54372	0	0	0
1068	A330076C08Rik	NR_045088	3307	0	0	1
1069	A830082K12Rik	NR_045195	-34648	0	0	1
1070	1110015O18Rik	NR_045272	-1442	0	0	0
1071	1110015O18Rik	NR_045272	205850	0	0	0
1072	5430437J10Rik	NR_045274	315225	0	0	0
1073	4933411E08Rik	NR_045342	22347	0	1	0
1074	4930401C15Rik	NR_045349	128844	0	0	0
1075	Bcor	NR_045434	23561	0	1	1
1076	4933433H22Rik	NR_045458	50809	0	0	0
1077	4833427F10Rik	NR_045459	-9467	0	0	0
1078	3110009F21Rik	NR_045466	-11001	0	0	0
1079	Nron	NR_045729	-49630	0	0	1
1080	4930486I03Rik	NR_045734	121781	0	0	1
1081	2310043O21Rik	NR_045757	20840	0	0	1
1082	Zfp652os	NR_045780	4382	0	0	1
1083	4921511I17Rik	NR_045829	28184	0	0	1
1084	E130006D01Rik	NR_045832	-67880	0	0	0
1085	Gm5420	NR_045843	-468	1	0	0
1086	3100003L05Rik	NR_045907	-227347	0	0	0
1087	3100003L05Rik	NR_045907	109848	0	0	0
1088	9530027J09Rik	NR_045916	-617	1	0	0
1089	Gm4827	NR_045935	-94592	0	0	0
1090	4930432J09Rik	NR_045953	73304	0	0	0
1091	4930432J09Rik	NR_045953	73256	0	0	0
1092	Gm16938	NR_045970	-14790	0	0	1
1093	Gm8179	NR_046039	-96794	0	0	0
1094	4931430N09Rik	NR_046053	-66408	0	0	1
1095	D730050B12Rik	NR_046196	-44331	0	0	0
1096	D730050B12Rik	NR_046196	-44503	0	0	0
1097	Rn45s	NR_046233	2412	0	1	0
1098	Rn45s	NR_046233	579	1	1	0
1099	Rn45s	NR_046233	2402	0	1	0
1100	Rn45s	NR_046233	577	1	1	0
1101	Best2	NR_052011	-2416	0	0	0
1102	A930016O22Rik	NR_073015	-13261	0	1	0
1103	C030029H02Rik	NR_102277	-70601	0	0	0
1104	D830026I12Rik	NR_102305	-28704	0	0	0
1105	Ano4	NR_102339	-87192	0	0	0
1106	Ano4	NR_102339	-87236	0	0	0
1107	Gm2087	NR_102437	-135947	0	0	0
