	name	feature.name	dist.to.feature	prom	exon	intron
1	Thnsl1	NM_001001297	63260	0	0	0
2	Itprip	NM_001001738	22626	0	1	0
3	2510009E07Rik	NM_001001881	29584	0	0	1
4	2510009E07Rik	NM_001001881	98718	0	0	1
5	Eea1	NM_001001932	107560	0	0	0
6	Nat8l	NM_001001985	165	1	1	0
7	Rpl17	NM_001002239	249	1	0	1
8	Ccin	NM_001002787	633	1	1	0
9	Maml3	NM_001004176	60250	0	0	1
10	Maml3	NM_001004176	60215	0	0	1
11	Nuak1	NM_001004363	-17190	0	0	0
12	Ado	NM_001005419	-117923	0	0	0
13	Ado	NM_001005419	-117946	0	0	0
14	Ppp1r26	NM_001005420	-26153	0	0	0
15	Barhl2	NM_001005477	-103404	0	0	0
16	Lmtk3	NM_001005511	9827	0	1	0
17	Lmtk3	NM_001005511	11304	0	1	0
18	Lmtk3	NM_001005511	9481	0	1	0
19	Mtus1	NM_001005863	36306	0	0	1
20	Tceanc	NM_001007577	273	1	0	1
21	Best3	NM_001007583	14959	0	0	1
22	Rtn1	NM_001007596	-20833	0	0	1
23	Cdh12	NM_001008420	-2528	0	0	0
24	Armcx5	NM_001009575	188	1	1	0
25	Slc25a51	NM_001009949	-58993	0	0	1
26	Scgb2b20	NM_001009952	36645	0	0	0
27	Fut10	NM_001012517	32002	0	0	1
28	Osm	NM_001013365	-4025	0	0	0
29	E2f8	NM_001013368	-646	1	0	0
30	Dync1li2	NM_001013380	254	1	1	0
31	Tmem151b	NM_001013749	4723	0	1	0
32	Tmem151b	NM_001013749	4711	0	1	0
33	Tmem151b	NM_001013749	4705	0	1	0
34	Rap1gap2	NM_001015046	32421	0	0	1
35	Sp3	NM_001018042	-15129	0	0	0
36	Cdkl5	NM_001024624	445	1	0	1
37	Triobp	NM_001024716	-5944	0	0	1
38	Triobp	NM_001024716	-5894	0	0	1
39	Ntrk2	NM_001025074	54328	0	0	1
40	Camk2d	NM_001025439	13574	0	0	1
41	Maf	NM_001025577	348785	0	0	0
42	Maf	NM_001025577	389003	0	0	1
43	Lonrf2	NM_001029878	74072	0	0	0
44	Kcnk15	NM_001030292	-2394	0	0	0
45	Pecam1	NM_001032378	-56	1	0	0
46	Fbxo33	NM_001033156	-212055	0	0	0
47	C77080	NM_001033189	22274	0	0	1
48	Fam8a1	NM_001033192	-41499	0	0	1
49	Hk3	NM_001033245	-19194	0	1	0
50	Agap2	NM_001033263	882	1	1	0
51	Gxylt1	NM_001033275	-4322	0	0	0
52	Espnl	NM_001033292	-8872	0	0	1
53	Arhgef9	NM_001033329	-115739	0	0	0
54	Lrrc30	NM_001033340	119901	0	0	0
55	Cdc42bpg	NM_001033342	442	1	0	1
56	Cdc42bpg	NM_001033342	-8734	0	0	1
57	Thoc2	NM_001033422	851	1	0	1
58	Gm884	NM_001033434	13679	0	0	1
59	Lsmem1	NM_001033437	22574	0	1	0
60	A830080D01Rik	NM_001033472	903	1	0	1
61	A830080D01Rik	NM_001033472	880	1	0	1
62	A830080D01Rik	NM_001033472	912	1	0	1
63	A830080D01Rik	NM_001033472	-24116	0	0	0
64	Kcnk6	NM_001033525	7423	0	1	0
65	Mef2a	NM_001033713	-70637	0	0	0
66	Smim9	NM_001033786	7881	0	0	1
67	Adamts17	NM_001033877	88152	0	0	1
68	Ak2	NM_001033966	24170	0	0	0
69	Fam92b	NM_001033980	-51695	0	0	0
70	Limk2	NM_001034030	2875	0	0	1
71	Limk2	NM_001034030	2743	0	1	1
72	Ccdc160	NM_001034059	-1435	0	0	0
73	Agap1	NM_001037136	30615	0	0	1
74	Defb48	NM_001037751	47944	0	0	1
75	Ets1	NM_001038642	140696	0	0	0
76	Sel1l	NM_001039089	-876982	0	0	0
77	Defb25	NM_001039122	8085	0	0	0
78	Rbfox3	NM_001039167	706	1	0	1
79	Rreb1	NM_001039188	19450	0	0	1
80	Mex3c	NM_001039214	-136479	0	0	0
81	Trim46	NM_001039466	943	1	1	0
82	Tex40	NM_001039494	-913	1	1	0
83	Tex40	NM_001039494	-918	1	1	0
84	1700015E13Rik	NM_001039593	122172	0	0	1
85	Edem3	NM_001039644	124517	0	0	0
86	Tet2	NM_001040400	-30597	0	0	0
87	Flot2	NM_001040403	12712	0	0	1
88	Thsd4	NM_001040426	17894	0	0	1
89	Txnrd1	NM_001042513	-11843	0	0	1
90	Txnrd1	NM_001042523	9104	0	0	1
91	Arrdc4	NM_001042592	-110599	0	0	0
92	Dhx15	NM_001042620	290637	0	0	0
93	Smad7	NM_001042660	17328	0	0	1
94	Cacna1i	NM_001044308	51579	0	0	1
95	C77370	NM_001077354	597	1	0	1
96	C77370	NM_001077354	591	1	0	1
97	Nrp2	NM_001077404	19198	0	0	1
98	Bcl11b	NM_001079883	-565	1	0	0
99	Trim72	NM_001079932	656	1	0	1
100	Tmpo	NM_001080129	-100993	0	0	0
101	Gtf2i	NM_001080746	-18189	0	0	0
102	Gtf2i	NM_001080746	-18400	0	0	0
103	Gtf2i	NM_001080746	-18226	0	0	0
104	Gtf2i	NM_001080746	-18390	0	0	0
105	Prdm13	NM_001080771	-1805	0	0	0
106	Prdm13	NM_001080771	-59	1	0	0
107	Gm1123	NM_001080776	-27328	0	0	1
108	Gm1123	NM_001080776	-51281	0	0	1
109	Gm1123	NM_001080776	-51459	0	0	1
110	Cps1	NM_001080809	256526	0	0	0
111	Rapgefl1	NM_001080925	-6547	0	0	1
112	Rapgefl1	NM_001080925	-6526	0	0	1
113	B230217C12Rik	NM_001080935	-10135	0	0	1
114	Ogfrl1	NM_001081079	-8899	0	0	0
115	Zfp362	NM_001081098	16143	0	1	0
116	Stim2	NM_001081103	-444	1	0	0
117	Arhgap36	NM_001081123	141	1	1	0
118	Arhgap36	NM_001081123	190	1	1	0
119	Arhgap36	NM_001081123	133	1	1	0
120	Prrg3	NM_001081135	-515	1	0	0
121	Prrg3	NM_001081135	-529	1	0	0
122	Prrg3	NM_001081135	-550	1	0	0
123	Prrg3	NM_001081135	-513	1	0	0
124	Rap1gap	NM_001081155	27058	0	0	1
125	Mdga1	NM_001081160	35362	0	1	0
126	Mdga1	NM_001081160	35396	0	1	0
127	Chsy1	NM_001081163	-381	1	0	0
128	Lama5	NM_001081171	1392	0	0	1
129	Adgrf5	NM_001081178	-55205	0	0	0
130	Adgrf5	NM_001081178	-55235	0	0	0
131	Gabrr3	NM_001081190	-22042	0	0	0
132	B3glct	NM_001081204	293	1	0	1
133	Dgki	NM_001081206	97297	0	0	1
134	Prdm14	NM_001081209	-31346	0	0	1
135	Tln2	NM_001081242	-46336	0	0	0
136	Ldlrad1	NM_001081272	4337	0	0	1
137	Pik3r4	NM_001081309	56115	0	1	0
138	Pik3r4	NM_001081309	56086	0	1	0
139	Mphosph9	NM_001081323	101	1	1	0
140	Hs3st2	NM_001081327	-65	1	0	0
141	Adgrd1	NM_001081342	138606	0	0	0
142	Cped1	NM_001081351	15355	0	0	1
143	Cped1	NM_001081351	17947	0	0	1
144	Cped1	NM_001081351	15340	0	0	1
145	Ccdc153	NM_001081369	-1515	0	0	0
146	1810013L24Rik	NM_001081400	383375	0	0	0
147	Furin	NM_001081454	-51315	0	0	1
148	Gtf2ird1	NM_001081469	-38449	0	0	1
149	Camta1	NM_001081557	296102	0	0	1
150	Ccnd3	NM_001081636	18445	0	0	1
151	Dact3	NM_001081655	-13689	0	0	1
152	Dytn	NM_001081658	81629	0	0	0
153	Magi1	NM_001083321	214615	0	0	1
154	Magi1	NM_001083321	214569	0	0	1
155	Magi1	NM_001083321	214612	0	0	1
156	Tns3	NM_001083587	-43681	0	0	0
157	Xirp2	NM_001083919	-45971	0	0	0
158	Zfp467	NM_001085416	6182	0	1	1
159	Trabd2b	NM_001085549	133614	0	0	1
160	Trabd2b	NM_001085549	133565	0	0	1
161	Ptchd1	NM_001093750	-214081	0	0	0
162	Ptchd1	NM_001093750	-214104	0	0	0
163	Kif26a	NM_001097621	31671	0	1	0
164	Trerf1	NM_001097623	4327	0	0	1
165	Grsf1	NM_001098476	33059	0	1	0
166	Pik3c2b	NM_001099276	25729	0	0	1
167	Ajap1	NM_001099299	538	1	1	0
168	Zfp831	NM_001099328	1127	0	1	0
169	Rapgef2	NM_001099624	798403	0	0	0
170	Rapgef2	NM_001099624	1350480	0	0	0
171	Pklr	NM_001099779	11294	0	1	0
172	Smim24	NM_001099917	11841	0	1	0
173	Zcchc24	NM_001101433	27648	0	0	1
174	Gm8817	NM_001101606	-33666	0	0	0
175	Vmn2r120	NM_001104591	52316	0	0	0
176	Zfp185	NM_001109043	136	1	1	0
177	Kazn	NM_001109684	30310	0	0	1
178	Banp	NM_001110100	105296	0	0	0
179	Cdca2	NM_001110162	121176	0	0	0
180	Slc24a2	NM_001110240	96866	0	0	1
181	Vegfa	NM_001110266	6399	0	1	0
182	Vegfa	NM_001110266	139085	0	0	0
183	Keap1	NM_001110305	11284	0	0	0
184	Zfp703	NM_001110508	-9594	0	0	0
185	Runx1	NM_001111021	1108	0	0	1
186	H2al1a	NM_001111037	-200220	0	0	0
187	H2al1a	NM_001111037	-200220	0	0	0
188	Sprtn	NM_001111141	14853	0	0	1
189	Nedd9	NM_001111324	-59372	0	0	0
190	Arhgef10l	NM_001112723	64550	0	0	1
191	Schip1	NM_001113420	-59335	0	0	1
192	Sept9	NM_001113487	19476	0	0	1
193	Sept9	NM_001113488	55252	0	0	0
194	Sox5	NM_001113559	159386	0	0	1
195	H2al1j	NM_001114529	164120	0	0	0
196	Plcl1	NM_001114663	91893	0	0	1
197	Suds3	NM_001122666	-510	1	0	0
198	Tfap2a	NM_001122948	79144	0	0	0
199	Dlgap1	NM_001128180	-4543	0	0	1
200	Epb41	NM_001128606	65	1	1	1
201	Arhgef1	NM_001130152	13872	0	0	1
202	Prr23a1	NM_001134660	-11175	0	0	0
203	3110062M04Rik	NM_001135611	-39	1	0	0
204	Zfp935	NM_001136496	20781	0	0	0
205	Golga7b	NM_001141983	-16408	0	0	0
206	Golga7b	NM_001141983	-11532	0	0	0
207	Golga7b	NM_001141983	-16418	0	0	0
208	Golga7b	NM_001141983	-16371	0	0	0
209	Tcf7l2	NM_001142924	133834	0	0	0
210	H2-Q4	NM_001143689	-60	1	0	0
211	Use1	NM_001145780	-32264	0	0	1
212	Kifc3	NM_001145832	5720	0	0	1
213	Lrp4	NM_001145857	16547	0	0	1
214	Lgals3	NM_001145953	11847	0	1	0
215	C5ar2	NM_001146005	4288	0	0	1
216	C5ar2	NM_001146005	4257	0	0	1
217	Homer3	NM_001146153	-4665	0	0	0
218	Homer3	NM_001146153	-4668	0	0	0
219	Homer3	NM_001146153	-4627	0	0	0
220	Homer3	NM_001146153	-4618	0	0	0
221	Homer3	NM_001146153	-4634	0	0	0
222	Homer3	NM_001146153	-4651	0	0	0
223	Homer3	NM_001146153	-4633	0	0	0
224	Homer3	NM_001146153	-4652	0	0	0
225	Cnp	NM_001146318	268	1	1	1
226	Gjc1	NM_001159382	425	1	0	1
227	Ces3b	NM_001159415	15467	0	0	0
228	H2afy	NM_001159514	135605	0	0	0
229	Dut	NM_001159646	-43858	0	0	1
230	Dut	NM_001159646	-43843	0	0	1
231	Nectin2	NM_001159724	-6772	0	1	0
232	Cabp2	NM_001160253	-11477	0	0	0
233	Ccdc112	NM_001160399	-5919	0	0	0
234	Nol4	NM_001161483	96612	0	0	1
235	Tmem116	NM_001161626	8709	0	0	1
236	Gm15455	NM_001161816	137	1	1	0
237	Mgat4c	NM_001162369	1424	0	0	1
238	Troap	NM_001162506	1840	0	0	1
239	Plekhb1	NM_001163184	93	1	1	1
240	Cox18	NM_001163456	8910	0	1	0
241	Neurl1a	NM_001163480	94786	0	0	1
242	Tmem170b	NM_001163572	148	1	0	1
243	Chn2	NM_001163640	59952	0	0	1
244	Pik3cd	NM_001164052	15791	0	1	0
245	Nfatc1	NM_001164111	44901	0	0	1
246	Nfatc1	NM_001164111	61878	0	0	1
247	Plekhs1	NM_001164263	-24829	0	1	0
248	Mical1	NM_001164433	4869	0	1	0
249	Rnf165	NM_001164504	112237	0	0	0
250	Sipa1	NM_001164568	2876	0	1	0
251	Sipa1	NM_001164568	2861	0	1	0
252	Myo1h	NM_001164573	32316	0	0	1
253	Amigo2	NM_001164602	-225136	0	0	0
254	Amigo2	NM_001164602	-114498	0	0	1
255	Amigo2	NM_001164602	-225121	0	0	0
256	Amigo2	NM_001164602	-225312	0	0	0
257	Zfp809	NM_001164624	1205	0	0	1
258	Trappc9	NM_001164642	1044	0	0	1
259	Robo3	NM_001164767	-27387	0	0	0
260	Hephl1	NM_001164797	-56986	0	0	0
261	Bend4	NM_001164806	32475	0	1	0
262	Mia2	NM_001165253	5820	0	0	1
263	Rgs9	NM_001165934	29014	0	0	1
264	Pias3	NM_001165949	2364	0	1	0
265	Slc38a1	NM_001166458	-15449	0	0	0
266	Slc39a11	NM_001166503	23230	0	0	1
267	Vps50	NM_001167751	86732	0	0	1
268	Ankrd7	NM_001167757	722862	0	0	0
269	Col6a5	NM_001167923	-50256	0	0	1
270	Fam83h	NM_001168253	5168	0	1	0
271	Usp19	NM_001168372	1425	0	0	1
272	Mapk14	NM_001168513	-279	1	0	1
273	Tifab	NM_001168615	-15800	0	0	0
274	Endou	NM_001168693	-14181	0	1	0
275	Rbm20	NM_001170847	20942	0	0	1
276	Cacna2d2	NM_001174048	792	1	0	1
277	Gm7102	NM_001177513	97267	0	0	1
278	Slc25a13	NM_001177572	83820	0	0	1
279	Esp23	NM_001177582	-65038	0	0	0
280	Madd	NM_001177720	3157	0	1	0
281	Tnfaip8	NM_001177759	9360	0	0	1
282	Phactr3	NM_001177789	114	1	1	0
283	Otub2	NM_001177841	3030	0	0	1
284	Otub2	NM_001177841	3066	0	0	1
285	Otub2	NM_001177841	3057	0	0	1
286	Zfp513	NM_001177901	4058	0	0	1
287	Kcng2	NM_001190373	-8902	0	0	0
288	Jak3	NM_001190830	3577	0	0	1
289	Ndfip2	NM_001190989	-40427	0	0	0
290	Gm5294	NM_001195128	1099	0	0	1
291	Pld5	NM_001195816	-10073	0	0	1
292	Ccdc7a	NM_001197041	116283	0	0	0
293	Slc44a2	NM_001199186	-3367	0	0	0
294	Apbb2	NM_001201415	91452	0	0	1
295	Apbb2	NM_001201416	13865	0	0	1
296	Rapgef4	NM_001204166	2098	0	0	1
297	Rapgef4	NM_001204166	2073	0	0	1
298	Hdac7	NM_001204278	-31538	0	0	1
299	Jdp2	NM_001205053	38167	0	0	1
300	Iffo2	NM_001205173	-18514	0	0	1
301	Gramd4	NM_001205353	2204	0	0	1
302	Hk3	NM_001206391	15858	0	1	0
303	Rnf223	NM_001220499	-1250	0	0	0
304	Gm15140	NM_001243017	50607	0	0	0
305	Gm15140	NM_001243017	50607	0	0	0
306	Gm15140	NM_001243017	50607	0	0	0
307	Sema3a	NM_001243072	-301629	0	0	0
308	Cacna1a	NM_001252061	-61577	0	0	0
309	Fam19a5	NM_001252310	26127	0	0	1
310	Rbbp8	NM_001252495	-35992	0	0	0
311	St6gal1	NM_001252506	10339	0	0	1
312	Zmynd8	NM_001252585	37558	0	1	0
313	Cdh23	NM_001252635	10447	0	0	1
314	Cdh23	NM_001252635	103307	0	0	1
315	Ssx2ip	NM_001253770	1889	0	0	1
316	Irx3	NM_001253822	-54574	0	0	0
317	Atp2c1	NM_001253831	9294	0	0	1
318	Tcf12	NM_001253865	-43450	0	0	0
319	Slc4a2	NM_001253892	689	1	0	1
320	Dnm2	NM_001253893	34057	0	0	1
321	7530416G11Rik	NM_001256072	-4510	0	0	0
322	7530416G11Rik	NM_001256072	-31230	0	0	0
323	7530416G11Rik	NM_001256072	-4507	0	0	0
324	C330006A16Rik	NM_001256522	697	1	1	0
325	Igip	NM_001267796	20338	0	0	0
326	Ankra2	NM_001271388	18613	0	0	0
327	Enox2	NM_001271451	-43700	0	0	0
328	Cd82	NM_001271462	2516	0	0	1
329	Il15ra	NM_001271499	5037	0	0	1
330	Myh14	NM_001271538	26622	0	0	1
331	Cdc7	NM_001271566	87386	0	0	0
332	Cdc7	NM_001271566	87354	0	0	0
333	Cdc7	NM_001271566	87434	0	0	0
334	Ackr3	NM_001271607	54006	0	0	0
335	Lef1	NM_001276403	65248	0	0	1
336	Dag1	NM_001276486	-4026	0	0	0
337	Chd7	NM_001277149	163806	0	1	0
338	Chd7	NM_001277149	163759	0	1	0
339	Acr	NM_001277247	-9909	0	1	0
340	Acr	NM_001277247	-9905	0	1	0
341	Acr	NM_001277247	-20515	0	1	0
342	Pex5	NM_001277330	4298	0	0	1
343	Gm11780	NM_001277919	-27034	0	0	0
344	Cryaa	NM_001278570	84846	0	0	0
345	Adora2b	NM_007413	-8212	0	0	0
346	Adra1b	NM_007416	21052	0	0	1
347	Adra2c	NM_007418	922	1	1	0
348	Adrb2	NM_007420	202	1	1	0
349	Alx4	NM_007442	-17292	0	0	0
350	Ap1m1	NM_007456	28754	0	0	0
351	Arf2	NM_007477	75124	0	0	0
352	Arhgdib	NM_007486	-4602	0	0	0
353	Asgr2	NM_007493	-7625	0	0	0
354	Bach1	NM_007520	52438	0	0	0
355	Nkx3-2	NM_007524	9562	0	0	0
356	Cxcr5	NM_007551	-24965	0	0	0
357	Cxcr5	NM_007551	-24999	0	0	0
358	Bmi1	NM_007552	143	1	1	0
359	Bmi1	NM_007552	639	1	0	1
360	Bmp2	NM_007553	24577	0	0	0
361	Bmp7	NM_007557	-1931	0	0	0
362	Zfp36l1	NM_007564	-1459	0	0	0
363	Zfp36l1	NM_007564	99069	0	0	0
364	Btg2	NM_007570	-6844	0	0	0
365	Ctnnb1	NM_007614	-1040	0	0	0
366	Cd37	NM_007645	-2646	0	0	0
367	Cdh15	NM_007662	28284	0	0	0
368	Cetn3	NM_007684	386711	0	0	0
369	Chil1	NM_007695	1102	0	1	0
370	Socs3	NM_007707	20097	0	0	0
371	Col4a4	NM_007735	58666	0	0	1
372	Cox7c	NM_007749	-1081698	0	0	0
373	Cpd	NM_007754	56	1	1	0
374	Crhr1	NM_007762	-60023	0	0	0
375	Cycs	NM_007808	20650	0	0	0
376	Cyp26a1	NM_007811	5147	0	0	0
377	S1pr1	NM_007901	58191	0	0	0
378	Edn2	NM_007902	-149387	0	0	1
379	Edn3	NM_007903	-58540	0	0	1
380	Edn3	NM_007903	140931	0	0	0
381	Ednrb	NM_007904	65365	0	0	0
382	Ednrb	NM_007904	65398	0	0	0
383	Ednrb	NM_007904	39078	0	0	0
384	Elk4	NM_007923	809	1	0	1
385	Enc1	NM_007930	8158	0	0	1
386	Enpep	NM_007934	45351	0	0	1
387	Epha8	NM_007939	-8361	0	0	0
388	Epha8	NM_007939	-38735	0	1	0
389	Stx2	NM_007941	2098	0	0	1
390	Ercc1	NM_007948	-2898	0	0	0
391	Ercc1	NM_007948	-2861	0	0	0
392	F9	NM_007979	-279307	0	0	0
393	Fer	NM_008000	-103	1	0	1
394	Fgf2	NM_008006	-5430	0	0	0
395	Foxl1	NM_008024	207101	0	0	0
396	Foxl1	NM_008024	34469	0	0	0
397	Fosl2	NM_008037	7033	0	0	1
398	Igfbp7	NM_008048	-175	1	0	0
399	Fzd7	NM_008057	-104591	0	0	0
400	Fzd7	NM_008057	-31516	0	0	0
401	Fzd7	NM_008057	-100439	0	0	0
402	Gabrr2	NM_008076	3419	0	0	1
403	B4galnt1	NM_008080	-20417	0	0	0
404	Gapdh	NM_008084	-10095	0	0	1
405	Gata1	NM_008089	-3660	0	0	0
406	Mtpn	NM_008098	36189	0	0	0
407	Gdi2	NM_008112	141	1	1	0
408	Gnat2	NM_008141	-22	1	0	0
409	Gnat2	NM_008141	-46	1	0	0
410	Gnrh1	NM_008145	64505	0	0	1
411	Gpc4	NM_008150	397	1	0	1
412	Gpr65	NM_008152	47618	0	0	0
413	Grid1	NM_008166	9849	0	0	1
414	Gspt2	NM_008179	496	1	1	0
415	Hccs	NM_008222	142	1	1	0
416	Hdgfrp2	NM_008233	13868	0	1	0
417	Foxj1	NM_008240	-19233	0	0	1
418	Hoxa4	NM_008265	1195	0	1	1
419	Htr1a	NM_008308	145	1	1	0
420	Irf8	NM_008320	56492	0	0	0
421	Ifng	NM_008337	117983	0	0	0
422	Itgal	NM_008400	227	1	1	0
423	Itgal	NM_008400	184	1	1	0
424	Kcna3	NM_008418	1668	0	1	0
425	Kcnu1	NM_008432	60524	0	0	1
426	Klf3	NM_008453	-49940	0	0	0
427	Lamc2	NM_008485	-5043	0	0	0
428	Lcat	NM_008490	178	1	1	0
429	Lhx5	NM_008499	10069	0	0	0
430	Mycl	NM_008506	4024	0	1	0
431	Sh2b3	NM_008507	7758	0	1	0
432	Sh2b3	NM_008507	7742	0	1	0
433	Epcam	NM_008532	-32181	0	0	0
434	Cd180	NM_008533	-25308	0	0	0
435	Lyl1	NM_008535	-2272	0	1	0
436	Smad6	NM_008542	51527	0	0	1
437	Mcm2	NM_008564	7772	0	0	1
438	Abcc1	NM_008576	77703	0	0	1
439	Mitf	NM_008601	22013	0	1	0
440	Nat1	NM_008673	-125304	0	0	0
441	Ndrg1	NM_008681	-733	1	0	0
442	Ngp	NM_008694	20881	0	0	1
443	Nid2	NM_008695	23212	0	0	1
444	Nkx2-3	NM_008699	25	1	1	0
445	Mycn	NM_008709	-101474	0	0	0
446	Mycn	NM_008709	-101480	0	0	0
447	Mycn	NM_008709	272076	0	0	0
448	Nog	NM_008711	-37912	0	0	0
449	Notch1	NM_008714	-22666	0	0	0
450	Npas1	NM_008718	1263	0	1	0
451	Npas2	NM_008719	-88448	0	0	0
452	Nrtn	NM_008738	4193	0	0	1
453	Ntn1	NM_008744	186705	0	0	1
454	Tnfrsf11b	NM_008764	25670	0	0	1
455	P2rx1	NM_008771	-112	1	0	0
456	Pdgfa	NM_008808	16349	0	0	1
457	Pdha2	NM_008811	699747	0	0	0
458	Phka1	NM_008832	-121	1	0	0
459	Phka1	NM_008832	-136	1	0	0
460	Prkcb	NM_008855	487	1	0	1
461	Prkci	NM_008857	34447	0	0	1
462	Plg	NM_008877	40190	0	0	1
463	Ppm1a	NM_008910	-9102	0	0	0
464	Ppm1a	NM_008910	-9145	0	0	0
465	Ptgfr	NM_008966	-122061	0	0	0
466	Ptgir	NM_008967	3488	0	1	0
467	Nectin2	NM_008990	5121	0	0	1
468	Rab4a	NM_009003	18640	0	0	1
469	Aldh1a2	NM_009022	-269	1	0	0
470	Rasa3	NM_009025	17203	0	0	1
471	Rela	NM_009045	12158	0	0	0
472	Rpl29	NM_009082	4322	0	0	1
473	Rps6ka1	NM_009097	13117	0	0	1
474	Atxn1	NM_009124	92630	0	0	1
475	Exoc4	NM_009148	340	1	0	1
476	Selplg	NM_009151	-14223	0	0	1
477	Shfm1	NM_009169	72033	0	0	0
478	St3gal2	NM_009179	-7694	0	0	0
479	Slc12a2	NM_009194	61484	0	1	0
480	Slc16a2	NM_009197	399	1	1	0
481	Sst	NM_009215	-10954	0	0	0
482	Sstr2	NM_009217	-12374	0	0	0
483	Sox1	NM_009233	1251	0	1	1
484	Sox3	NM_009237	63	1	1	0
485	Sqle	NM_009270	20064	0	1	0
486	Stag1	NM_009282	-21548	0	0	0
487	Stag1	NM_009282	-23953	0	0	0
488	Svs5	NM_009301	1530	0	1	0
489	Swap70	NM_009302	157953	0	0	1
490	Swap70	NM_009302	157935	0	0	1
491	Tff1	NM_009362	2316	0	1	0
492	Tgfbr2	NM_009371	71177	0	0	1
493	Thrb	NM_009380	103439	0	0	0
494	Tkt	NM_009388	-19551	0	0	0
495	Ttf1	NM_009442	233	1	0	1
496	Ucp1	NM_009463	-31402	0	0	1
497	Vamp3	NM_009498	-86178	0	1	0
498	Vamp3	NM_009498	-233036	0	0	1
499	Vamp3	NM_009498	-71960	0	0	1
500	Nrsn1	NM_009513	99168	0	0	1
501	Wnt5b	NM_009525	12677	0	0	1
502	Xrcc1	NM_009532	681	1	1	0
503	Xrcc1	NM_009532	690	1	1	0
504	Xrcc5	NM_009533	72504	0	0	1
505	Zfpm1	NM_009569	27360	0	0	1
506	Zfpm1	NM_009569	27395	0	0	1
507	Zfpm1	NM_009569	27345	0	0	1
508	Zic3	NM_009575	1550	0	1	0
509	Adam19	NM_009616	-29845	0	0	0
510	Agtrap	NM_009642	-19943	0	1	0
511	Anp32a	NM_009672	80176	0	0	1
512	Aoc3	NM_009675	7180	0	1	0
513	Neurog2	NM_009718	700	1	1	0
514	Atp10a	NM_009728	178772	0	0	0
515	Atp10a	NM_009728	178788	0	0	0
516	Capn2	NM_009794	16065	0	0	1
517	Car2	NM_009801	1659	0	0	1
518	Car2	NM_009801	1686	0	0	1
519	Cask	NM_009806	-129536	0	0	0
520	Ctnna1	NM_009818	525	1	0	1
521	Entpd1	NM_009848	3971	0	0	1
522	Entpd1	NM_009848	3961	0	0	1
523	Cd83	NM_009856	85907	0	0	0
524	Cdh10	NM_009865	298098	0	0	0
525	Cdh5	NM_009868	-245990	0	0	0
526	Celsr1	NM_009886	54899	0	1	0
527	Cldn4	NM_009903	-83	1	0	0
528	Cldn4	NM_009903	1133	0	1	0
529	Ccr4	NM_009916	-13425	0	0	0
530	Col11a2	NM_009926	17868	0	1	0
531	Col15a1	NM_009928	-6730	0	0	0
532	Col4a1	NM_009931	85267	0	0	1
533	Cpt1b	NM_009948	154	1	0	1
534	Igf2bp1	NM_009951	162	1	1	0
535	Igf2bp1	NM_009951	17346	0	0	1
536	Igf2bp1	NM_009951	17305	0	0	1
537	Bcar1	NM_009954	-25488	0	0	1
538	Cryz	NM_009968	-119115	0	0	0
539	Dct	NM_010024	147862	0	0	1
540	Dct	NM_010024	147845	0	0	1
541	Dlx6	NM_010057	-7681	0	0	1
542	Drp2	NM_010078	26995	0	0	1
543	E2f3	NM_010093	44650	0	0	1
544	S1pr4	NM_010102	852	1	1	0
545	S1pr4	NM_010102	899	1	1	0
546	S1pr4	NM_010102	869	1	1	0
547	Efnb1	NM_010110	1114	0	0	1
548	Adgre1	NM_010130	25160	0	0	1
549	En1	NM_010133	-48516	0	0	0
550	Epha2	NM_010139	20424	0	0	1
551	Epha7	NM_010141	303751	0	0	0
552	Ephb2	NM_010142	5815	0	0	1
553	Ext1	NM_010162	49396	0	0	1
554	Ctgf	NM_010217	55897	0	1	0
555	Flt1	NM_010228	-60902	0	0	0
556	Fos	NM_010234	-22145	0	0	0
557	Aktip	NM_010241	-40874	0	0	0
558	Fut9	NM_010243	130607	0	0	1
559	Ggta1	NM_010283	24612	0	0	1
560	Gclc	NM_010295	62730	0	0	0
561	Gnb2	NM_010312	188	1	0	1
562	Emb	NM_010330	-43360	0	0	0
563	Emb	NM_010330	-43326	0	0	0
564	Gsr	NM_010344	-825	1	0	0
565	Gsr	NM_010344	-699	1	0	0
566	Gsr	NM_010344	-849	1	0	0
567	Gsc	NM_010351	-94647	0	0	0
568	Hdac6	NM_010413	572	1	0	1
569	Hey1	NM_010423	-50749	0	0	0
570	Hmx1	NM_010445	-12685	0	0	0
571	Hoxa2	NM_010451	-11792	0	0	1
572	Hoxa2	NM_010451	-3933	0	0	0
573	Hrc	NM_010473	6626	0	0	1
574	Slc6a4	NM_010484	-23421	0	0	1
575	Il10	NM_010548	-1096	0	0	0
576	Il16	NM_010551	12752	0	0	1
577	Irs4	NM_010572	219	1	1	0
578	Kap	NM_010594	15227	0	0	0
579	Klf4	NM_010637	-440503	0	0	0
580	Klk1b21	NM_010642	-15782	0	0	0
581	Kpna2	NM_010655	-13133	0	0	0
582	Lamc1	NM_010683	10884	0	0	1
583	Lcp2	NM_010696	7843	0	0	1
584	Lmo4	NM_010723	-85210	0	0	0
585	Lmo4	NM_010723	-151402	0	0	0
586	Lmo4	NM_010723	-151419	0	0	0
587	Loxl1	NM_010729	344	1	1	0
588	Muc13	NM_010739	-1355	0	0	0
589	Mageb1	NM_010759	-20174	0	0	0
590	Mageb1	NM_010759	-20174	0	0	0
591	Ccndbp1	NM_010761	234	1	0	1
592	Bhlha15	NM_010800	10247	0	0	1
593	Grap2	NM_010815	6819	0	0	1
594	Mpdz	NM_010820	264902	0	0	0
595	Myl2	NM_010861	8868	0	0	1
596	Ncf1	NM_010876	13760	0	0	1
597	Ndp	NM_010883	-39259	0	0	0
598	Neurog1	NM_010896	29623	0	0	0
599	P2rx4	NM_011026	-29466	0	0	1
600	Pde4d	NM_011056	-156146	0	0	0
601	Piga	NM_011081	29	1	1	0
602	Prkce	NM_011104	48545	0	0	1
603	Pon1	NM_011134	54127	0	0	1
604	Pon1	NM_011134	99270	0	0	1
605	Pstpip1	NM_011193	7925	0	0	1
606	Ptpn1	NM_011201	-192	1	0	0
607	Rab33a	NM_011228	132	1	1	0
608	Rasgrp1	NM_011246	-95270	0	0	0
609	Rev3l	NM_011264	369	1	1	0
610	Sub1	NM_011294	-43535	0	0	0
611	Sub1	NM_011294	675	1	0	1
612	Rxra	NM_011305	-73891	0	0	0
613	Ccl3	NM_011337	1055	0	1	0
614	Sema7a	NM_011352	28486	0	0	0
615	Sema7a	NM_011352	28485	0	0	0
616	Spi1	NM_011355	351	1	0	1
617	Spi1	NM_011355	386	1	0	1
618	Spi1	NM_011355	350	1	0	1
619	Spi1	NM_011355	401	1	0	1
620	St6galnac4	NM_011373	720	1	0	1
621	Six2	NM_011380	917	1	0	1
622	Slit3	NM_011412	195713	0	0	1
623	Sstr5	NM_011425	8705	0	0	0
624	Snai1	NM_011427	24020	0	0	0
625	Sod3	NM_011435	19204	0	0	1
626	Sorl1	NM_011436	130774	0	0	1
627	Sox14	NM_011440	820	1	1	0
628	Sox9	NM_011448	126670	0	0	0
629	Spink4	NM_011463	-11133	0	0	0
630	Spink4	NM_011463	-11351	0	0	0
631	Syk	NM_011518	42847	0	0	1
632	Tbx1	NM_011532	-4758	0	0	0
633	Tbxas1	NM_011539	51893	0	0	1
634	Tex264	NM_011573	38	1	1	1
635	Thbs2	NM_011581	53389	0	0	0
636	Thbs2	NM_011581	53391	0	0	0
637	Thbs2	NM_011581	53398	0	0	0
638	Cd40	NM_011611	10102	0	0	1
639	Tom1	NM_011622	575	1	0	1
640	Nr2c1	NM_011629	3887	0	0	1
641	Plscr1	NM_011636	3524	0	0	1
642	Plscr1	NM_011636	3477	0	0	1
643	Tuba1a	NM_011653	2175	0	1	0
644	Tuft1	NM_011656	32559	0	0	1
645	Vbp1	NM_011692	488	1	0	1
646	Vwf	NM_011708	50937	0	0	1
647	Vwf	NM_011708	50897	0	0	1
648	Dctn6	NM_011722	13498	0	0	1
649	Dctn6	NM_011722	13497	0	0	1
650	Ikzf4	NM_011772	-10699	0	0	0
651	Cdc6	NM_011799	1173	0	0	1
652	Cdc6	NM_011799	1172	0	0	1
653	Dlg2	NM_011807	417813	0	0	1
654	Ggt5	NM_011820	4026	0	0	1
655	Esyt1	NM_011843	-993	1	0	0
656	Osr1	NM_011859	101	1	1	0
657	Spry1	NM_011896	-26180	0	0	0
658	Spry4	NM_011898	58704	0	0	0
659	Psmb3	NM_011971	15375	0	1	0
660	Psmb3	NM_011971	15382	0	1	0
661	Rpl27a	NM_011975	-214	1	0	0
662	Dpysl4	NM_011993	-65016	0	0	1
663	Gprin1	NM_012014	-2702	0	0	0
664	Arhgef28	NM_012026	33916	0	0	1
665	Rps3	NM_012052	270	1	0	1
666	Srp9	NM_012058	-9841	0	0	0
667	Btk	NM_013482	-545	1	0	0
668	P3h3	NM_013534	451	1	1	0
669	Lifr	NM_013584	10302	0	0	1
670	Nr4a2	NM_013613	236043	0	0	0
671	Odf2	NM_013615	3485	0	1	1
672	Psmb10	NM_013640	1152	0	1	0
673	Tcte1	NM_013688	-5564	0	0	1
674	Txk	NM_013698	11	1	1	1
675	Fgd2	NM_013710	37972	0	0	0
676	Podxl	NM_013723	-50544	0	0	0
677	Nrk	NM_013724	-74	1	0	0
678	Phlda3	NM_013750	-10483	0	0	0
679	Csnk1e	NM_013767	15756	0	1	0
680	Npas3	NM_013780	43458	0	0	1
681	Sh2d3c	NM_013781	-1474	0	0	0
682	Rasal1	NM_013832	-5072	0	0	0
683	Ror1	NM_013845	80107	0	0	1
684	Spdef	NM_013891	10357	0	0	1
685	Kdm2b	NM_013910	-30304	0	0	1
686	Apln	NM_013912	1290	0	0	1
687	Hnf4g	NM_013920	-382613	0	0	0
688	Myo9b	NM_015742	23873	0	0	1
689	Dlc1	NM_015802	51233	0	0	0
690	Rgs6	NM_015812	-106485	0	0	0
691	Hs6st1	NM_015818	5367	0	0	1
692	Pknox1	NM_016670	273	1	0	1
693	Dlg3	NM_016747	620	1	1	0
694	Smad3	NM_016769	17635	0	0	1
695	Ech1	NM_016772	2748	0	0	1
696	Itgb3	NM_016780	36148	0	0	1
697	Tpmt	NM_016785	61	1	1	0
698	Mtx2	NM_016804	174839	0	0	0
699	Rgl1	NM_016846	11740	0	0	1
700	Stac	NM_016853	-89582	0	0	0
701	Ppp1r3c	NM_016854	20286	0	0	0
702	Esd	NM_016903	65509	0	0	1
703	Sept9	NM_017380	-18914	0	0	1
704	Ddx20	NM_017397	-81	1	0	0
705	Zfp316	NM_017467	-18200	0	0	0
706	Zfp316	NM_017467	15791	0	1	0
707	Kat6b	NM_017479	944	1	0	1
708	Kat6b	NM_017479	102540	0	0	1
709	Zfp326	NM_018759	101851	0	0	0
710	Bri3	NM_018772	3059	0	0	1
711	Skap2	NM_018773	159687	0	0	0
712	Egr3	NM_018781	-45160	0	0	1
713	Egr3	NM_018781	-45165	0	0	1
714	Sgsh	NM_018822	4449	0	0	1
715	Sh2b2	NM_018825	-43562	0	0	1
716	Rplp1	NM_018853	208123	0	0	0
717	Pebp1	NM_018858	56377	0	0	1
718	Pebp1	NM_018858	56208	0	0	1
719	Akr1e1	NM_018859	-220848	0	0	0
720	Pdyn	NM_018863	1567	0	1	0
721	Adgrg1	NM_018882	2018	0	0	1
722	Irx4	NM_018885	87	1	1	0
723	Ppp2ca	NM_019411	-21684	0	0	1
724	Epb41l4b	NM_019427	59814	0	0	1
725	Epb41l4b	NM_019427	59950	0	0	1
726	Tmem37	NM_019432	28703	0	0	1
727	Panx1	NM_019482	37788	0	1	0
728	Trpc3	NM_019510	37318	0	0	1
729	Uchl5	NM_019562	84	1	1	0
730	Uchl5	NM_019562	86	1	1	0
731	Uchl5	NM_019562	97	1	1	0
732	Uchl5	NM_019562	77	1	1	0
733	Uchl5	NM_019562	102	1	1	0
734	Rev1	NM_019570	-265672	0	0	1
735	Rev1	NM_019570	-265662	0	0	1
736	Rev1	NM_019570	-265761	0	0	1
737	Scamp4	NM_019575	3760	0	1	1
738	Scamp4	NM_019575	3750	0	1	1
739	Scamp4	NM_019575	3788	0	1	1
740	Scamp4	NM_019575	3758	0	1	1
741	Scamp4	NM_019575	3770	0	1	1
742	Metap2	NM_019648	-16288	0	0	0
743	Syncrip	NM_019666	-556	1	0	0
744	Elf4	NM_019680	-26	1	0	0
745	Kcnd2	NM_019697	-664733	0	0	0
746	Tmem115	NM_019704	-13370	0	0	1
747	Cdh13	NM_019707	41847	0	0	1
748	Foxo1	NM_019739	128493	0	0	0
749	Pdcd10	NM_019745	90397	0	0	0
750	Spen	NM_019763	32092	0	0	1
751	Spen	NM_019763	32114	0	0	1
752	Snd1	NM_019776	138826	0	0	1
753	Ikbke	NM_019777	4259	0	0	1
754	Pex14	NM_019781	24626	0	0	1
755	Tbk1	NM_019786	150	1	0	1
756	Tbk1	NM_019786	-4376	0	0	1
757	Dnaja2	NM_019794	-45005	0	0	0
758	Git2	NM_019834	3	1	1	0
759	B4galt5	NM_019835	-23151	0	0	0
760	Pdgfc	NM_019971	396	1	1	0
761	B3galt2	NM_020025	-331972	0	0	0
762	B3galt2	NM_020025	-1137945	0	0	0
763	Zbtb33	NM_020256	-9715	0	0	0
764	Hhip	NM_020259	82947	0	1	0
765	Insm2	NM_020287	841	1	1	0
766	Ank	NM_020332	-148066	0	0	0
767	Ank	NM_020332	-148049	0	0	0
768	Gabrq	NM_020488	-95	1	0	0
769	Gabrq	NM_020488	-144	1	0	0
770	Xpo4	NM_020506	-31150	0	0	1
771	Xpo4	NM_020506	-31171	0	1	0
772	Xpo4	NM_020506	-31301	0	1	0
773	Fbxo3	NM_020593	726	1	0	1
774	Rlbp1	NM_020599	18061	0	0	0
775	Srd5a3	NM_020611	-60429	0	0	0
776	Kit	NM_021099	3950	0	0	1
777	Kit	NM_021099	3981	0	0	1
778	Fabp7	NM_021272	-57073	0	0	1
779	Sez6	NM_021286	361	1	0	1
780	Piwil1	NM_021311	56282	0	0	1
781	Wdr4	NM_021322	55693	0	0	1
782	Caln1	NM_021371	293537	0	0	1
783	Stk4	NM_021420	11184	0	0	1
784	Shank3	NM_021423	23856	0	0	1
785	Dexi	NM_021428	229	1	1	0
786	Pmaip1	NM_021451	9583	0	0	0
787	Pmaip1	NM_021451	9342	0	0	0
788	Dysf	NM_021469	1188	0	0	1
789	Chst12	NM_021528	3466	0	0	1
790	Bhlhe22	NM_021560	1373	0	1	0
791	Oca2	NM_021879	123638	0	0	1
792	Zfp296	NM_022409	3504	0	0	0
793	Slc13a2	NM_022411	-1181	0	0	0
794	Ptges	NM_022415	-17089	0	0	0
795	Ireb2	NM_022655	358	1	0	1
796	Slc30a5	NM_022885	-27899	0	0	0
797	Rtn4r	NM_022982	-199	1	0	0
798	Pmepa1	NM_022995	-2666	0	0	0
799	Ndufb9	NM_023172	17840	0	1	0
800	Sdhb	NM_023374	10765	0	0	1
801	Wfdc1	NM_023395	12981	0	1	0
802	Npc2	NM_023409	12432	0	0	1
803	Npy	NM_023456	-44497	0	0	0
804	Elac2	NM_023479	-234280	0	0	0
805	Cad	NM_023525	12287	0	1	0
806	Muc2	NM_023566	-1968	0	0	0
807	Trim29	NM_023655	127959	0	0	0
808	Ssbp3	NM_023672	-30118	0	0	0
809	Pi16	NM_023734	3909	0	0	1
810	Tfcp2l1	NM_023755	-38142	0	0	1
811	4930550L24Rik	NM_023774	-390005	0	0	0
812	Etv5	NM_023794	9202	0	0	1
813	Etv5	NM_023794	-1258	0	0	0
814	Etv5	NM_023794	-27004	0	1	0
815	Mgea5	NM_023799	11	1	1	0
816	Slco3a1	NM_023908	264203	0	0	1
817	1500015O10Rik	NM_024283	-40734	0	0	0
818	Nudt7	NM_024446	-32459	0	0	0
819	Ppp3r1	NM_024459	-4411	0	0	0
820	Col26a1	NM_024474	79803	0	0	1
821	Col26a1	NM_024474	1215	0	0	1
822	Tmem57	NM_025382	95	1	1	0
823	Arl4d	NM_025404	31341	0	0	0
824	Tm4sf20	NM_025453	6581	0	0	1
825	Eapp	NM_025456	-7193	0	0	0
826	Gmpr	NM_025508	113418	0	0	1
827	Gmpr	NM_025508	38573	0	1	0
828	Cyb5b	NM_025558	-3293	0	0	0
829	Fam136a	NM_025591	-21561	0	0	0
830	Cul7	NM_025611	7100	0	0	1
831	Pomp	NM_025624	-65333	0	0	0
832	Zwint	NM_025635	50062	0	0	0
833	Gtf3a	NM_025652	-35084	0	0	0
834	Golph3	NM_025673	115141	0	0	1
835	Rpe	NM_025683	-41215	0	0	1
836	4921530L21Rik	NM_025733	-362684	0	0	0
837	Rnf220	NM_025739	51103	0	0	1
838	Rnf220	NM_025739	51118	0	0	1
839	Dtnbp1	NM_025772	178	1	1	0
840	Thap2	NM_025780	-144	1	0	0
841	Plbd1	NM_025806	-59194	0	0	1
842	Nhlrc2	NM_025811	83354	0	0	0
843	Pccb	NM_025835	-11195	0	0	0
844	Tmem261	NM_025849	-1011286	0	0	1
845	Fam210b	NM_025912	9381	0	1	0
846	Fam210b	NM_025912	446	1	0	1
847	Rars	NM_025936	-53172	0	0	1
848	Cdt1	NM_026014	-3015	0	0	0
849	Srfbp1	NM_026040	19	1	1	0
850	Srfbp1	NM_026040	10	1	1	0
851	Gemin6	NM_026053	30983	0	0	1
852	Gemin6	NM_026053	30991	0	0	1
853	Fam132a	NM_026125	6567	0	0	0
854	Klhl13	NM_026167	278039	0	0	0
855	1700019N19Rik	NM_026208	-28181	0	0	1
856	Tmed9	NM_026211	2185	0	0	1
857	4930519G04Rik	NM_026263	-8359	0	0	0
858	Necap1	NM_026267	74	1	1	0
859	Dusp6	NM_026268	57870	0	0	0
860	Dusp6	NM_026268	-24564	0	0	0
861	Dusp6	NM_026268	7590	0	0	0
862	Dusp6	NM_026268	-12095	0	0	0
863	Dusp6	NM_026268	-12108	0	0	0
864	Tm7sf3	NM_026281	21276	0	0	1
865	Armc12	NM_026290	8083	0	1	0
866	Armc12	NM_026290	-6743	0	0	0
867	Spaca1	NM_026293	-184114	0	0	0
868	Dgat2	NM_026384	18735	0	0	1
869	Snx2	NM_026386	3524	0	0	1
870	Pop5	NM_026398	-612	1	0	0
871	Yipf4	NM_026417	-43	1	0	0
872	Saraf	NM_026432	162460	0	0	0
873	Ccdc80	NM_026439	2219	0	1	0
874	Ccdc70	NM_026459	2647	0	1	0
875	Etaa1	NM_026576	-244283	0	0	0
876	Bcas2	NM_026602	47519	0	0	0
877	Gsto2	NM_026619	9376	0	0	1
878	Zdhhc21	NM_026647	173562	0	0	0
879	Prps2	NM_026662	317	1	0	1
880	Tsr3	NM_026676	4373	0	1	0
881	Tmem174	NM_026685	58514	0	0	0
882	Mocos	NM_026779	13472	0	0	1
883	Smyd2	NM_026796	-10132	0	0	0
884	Xrcc6bp1	NM_026858	11625	0	0	1
885	Xrcc6bp1	NM_026858	209623	0	0	0
886	Zc3h15	NM_026934	-175630	0	0	0
887	Comtd1	NM_026965	-3428	0	0	0
888	Ddah1	NM_026993	-23643	0	0	0
889	Hmgb4	NM_027036	-43505	0	0	0
890	Hmgb4	NM_027036	27043	0	0	0
891	1700008O03Rik	NM_027049	22275	0	1	0
892	Btbd9	NM_027060	59137	0	1	0
893	Bap1	NM_027088	729	1	0	1
894	Nmrk2	NM_027120	-10539	0	1	0
895	Smyd3	NM_027188	422946	0	0	1
896	Polr2i	NM_027259	1468	0	0	0
897	Ube2q1	NM_027315	89	1	1	0
898	Ube2q1	NM_027315	94	1	1	0
899	Gorasp2	NM_027352	-19	1	0	0
900	Steap1	NM_027399	-678707	0	0	0
901	Steap1	NM_027399	-678711	0	0	0
902	Steap1	NM_027399	-678746	0	0	0
903	Ica1l	NM_027407	-45	1	0	0
904	Ddo	NM_027442	-241	1	0	0
905	Armc9	NM_027456	74114	0	0	1
906	Ecd	NM_027475	19413	0	1	0
907	Ecd	NM_027475	19257	0	0	1
908	Fancd2os	NM_027633	139	1	0	1
909	4933405L10Rik	NM_027655	19387	0	0	1
910	Hsfy2	NM_027661	-44388	0	0	0
911	Iqgap2	NM_027711	-100	1	0	0
912	Otud1	NM_027715	256855	0	0	0
913	Rassf8	NM_027760	8896	0	1	0
914	Rassf8	NM_027760	8730	0	1	0
915	Dhrs2	NM_027790	-52309	0	0	0
916	Izumo4	NM_027829	-159	1	0	0
917	Isx	NM_027837	-65541	0	0	0
918	Osbpl3	NM_027881	4585	0	0	1
919	Osbpl3	NM_027881	4565	0	0	1
920	Tha1	NM_027919	-27754	0	0	0
921	Tha1	NM_027919	-36014	0	0	0
922	Ddi1	NM_027942	-184893	0	0	0
923	Cfap45	NM_027972	8786	0	1	0
924	Cenpu	NM_027973	-11993	0	0	0
925	Cdca4	NM_028023	-11578	0	0	0
926	Cdca4	NM_028023	-11600	0	0	0
927	Trmu	NM_028063	68503	0	0	1
928	Pygo1	NM_028116	-23430	0	0	1
929	Pygo1	NM_028116	-23420	0	0	1
930	Pygo1	NM_028116	-23992	0	0	1
931	Adpgk	NM_028121	-97318	0	0	0
932	Adpgk	NM_028121	-68792	0	0	0
933	Slc37a3	NM_028123	71914	0	0	0
934	Frmd6	NM_028127	-139808	0	0	0
935	Frmd6	NM_028127	-75626	0	0	0
936	1700021F07Rik	NM_028158	2183	0	0	1
937	1600014C23Rik	NM_028164	214	1	1	0
938	Plxdc1	NM_028199	31664	0	1	0
939	Cdkn3	NM_028222	-50783	0	0	0
940	Faim2	NM_028224	20030	0	0	1
941	Faim2	NM_028224	2525	0	0	1
942	1700112E06Rik	NM_028275	54811	0	0	1
943	Ndc1	NM_028355	-19976	0	0	1
944	Ppp2r2b	NM_028392	-45449	0	0	0
945	Ttc9b	NM_028417	9501	0	1	0
946	Ttc9b	NM_028417	9335	0	1	0
947	Rflna	NM_028443	25202	0	1	0
948	Mocs1	NM_028464	39295	0	0	1
949	Prss52	NM_028525	80082	0	0	1
950	Prss52	NM_028525	80088	0	0	1
951	Prss52	NM_028525	152620	0	0	1
952	Smap1	NM_028534	2997	0	0	1
953	Phf19	NM_028716	13958	0	0	1
954	Phf19	NM_028716	14013	0	0	1
955	Sdr42e1	NM_028725	53482	0	0	1
956	Nebl	NM_028757	-91123	0	0	0
957	Rbm19	NM_028762	2303	0	1	0
958	Acoxl	NM_028765	67676	0	0	1
959	Tmem43	NM_028766	20085	0	0	1
960	Ccdc97	NM_028771	13950	0	0	0
961	Robo4	NM_028783	6191	0	1	0
962	1700017B05Rik	NM_028820	8715	0	1	0
963	5730559C18Rik	NM_028872	3811	0	0	1
964	Snx19	NM_028874	-25761	0	0	0
965	Xrcc3	NM_028875	18248	0	1	0
966	Zfp558	NM_028935	10212	0	0	1
967	Nipal3	NM_028995	9111	0	0	1
968	Pik3cb	NM_029094	-43337	0	0	0
969	Pik3cb	NM_029094	-27085	0	0	0
970	Morn3	NM_029112	10012	0	0	0
971	Syce1l	NM_029139	44848	0	0	0
972	Sv2c	NM_029210	21643	0	0	1
973	Arhgap24	NM_029270	-20427	0	0	0
974	Dynlrb2	NM_029297	-185354	0	0	0
975	Stpg4	NM_029298	51993	0	0	1
976	Prr29	NM_029345	-56	1	0	0
977	Spaca3	NM_029367	118852	0	0	1
978	Adad2	NM_029428	-95	1	0	0
979	Rap2a	NM_029519	119751	0	0	0
980	Pbp2	NM_029595	20788	0	0	0
981	Sun5	NM_029599	26946	0	0	0
982	Lhpp	NM_029609	39243	0	0	1
983	Lhpp	NM_029609	44510	0	0	1
984	Ip6k2	NM_029634	-24907	0	0	0
985	Commd9	NM_029635	92902	0	0	1
986	Commd9	NM_029635	92898	0	0	1
987	Plet1	NM_029639	-11643	0	0	0
988	2410124H12Rik	NM_029740	-3248	0	0	0
989	Dok5	NM_029761	-35316	0	0	0
990	Pomgnt1	NM_029786	-181	1	0	0
991	Lrg1	NM_029796	1711	0	1	0
992	Bcas1	NM_029815	4580	0	0	1
993	Ppp1r12c	NM_029834	-7137	0	0	1
994	Mrap	NM_029844	4562	0	0	1
995	Bcl7a	NM_029850	414	1	0	1
996	Ptprb	NM_029928	-12955	0	0	0
997	Mmab	NM_029956	8089	0	0	1
998	Lcn12	NM_029958	2655	0	0	1
999	Adamtsl2	NM_029981	9048	0	0	1
1000	Pigh	NM_029988	23946	0	1	0
1001	Nxpe2	NM_030069	174111	0	0	0
1002	4930562C15Rik	NM_030192	-14290	0	0	0
1003	Crispld2	NM_030209	22122	0	0	1
1004	Tusc3	NM_030254	-68351	0	0	0
1005	Pofut2	NM_030262	7083	0	0	1
1006	Rab27b	NM_030554	23769	0	0	1
1007	Nbea	NM_030595	-97938	0	0	0
1008	Nr5a2	NM_030676	-222234	0	0	0
1009	Kank3	NM_030697	-2233	0	0	0
1010	Sf3b1	NM_031179	322	1	0	1
1011	Tfec	NM_031198	101396	0	0	0
1012	D1Pas1	NM_033077	-43080	0	0	0
1013	Ngfr	NM_033217	-7068	0	0	0
1014	Dock2	NM_033374	278	1	0	1
1015	Dock2	NM_033374	253	1	0	1
1016	Amn	NM_033603	4213	0	0	1
1017	Uchl4	NM_033607	-22557	0	1	0
1018	Lmx1a	NM_033652	222045	0	0	0
1019	Olig3	NM_053008	53108	0	0	0
1020	Lrp1b	NM_053011	-20815	0	0	0
1021	Lrp1b	NM_053011	-20599	0	0	0
1022	Chrac1	NM_053068	5276	0	0	0
1023	Atg5	NM_053069	385	1	0	1
1024	Slc15a1	NM_053079	18375	0	0	1
1025	Setbp1	NM_053099	251936	0	1	0
1026	Klhl1	NM_053105	798	1	1	0
1027	Foxp1	NM_053202	1325	0	0	1
1028	Foxp2	NM_053242	-1422	0	0	0
1029	Foxp2	NM_053242	-45203	0	0	0
1030	Antxr1	NM_054041	6808	0	0	1
1031	Prelp	NM_054077	-12608	0	0	0
1032	Igsf8	NM_080419	5857	0	1	0
1033	Srgap3	NM_080448	112772	0	0	1
1034	Tshz2	NM_080455	-109249	0	0	0
1035	Tshz2	NM_080455	149306	0	0	1
1036	Mrps6	NM_080456	101603	0	0	0
1037	Hnmt	NM_080462	124607	0	0	0
1038	Kcnn3	NM_080466	29092	0	0	1
1039	Emid1	NM_080595	-33754	0	0	0
1040	Caskin2	NM_080643	12403	0	1	0
1041	Cyp4f13	NM_130882	-4373	0	1	0
1042	Steap3	NM_133186	1379	0	0	1
1043	Eps8l2	NM_133191	393	1	0	1
1044	Smco4	NM_133214	47171	0	0	0
1045	Gcnt2	NM_133219	912	1	1	1
1046	Pdzd3	NM_133226	2553	0	1	0
1047	Khdrbs2	NM_133235	-206107	0	0	0
1048	Cd34	NM_133654	-10902	0	0	0
1049	Nol11	NM_133702	104	1	1	0
1050	Itga9	NM_133721	14944	0	0	1
1051	Opa1	NM_133752	193543	0	0	0
1052	Errfi1	NM_133753	23644	0	0	0
1053	Tmem132a	NM_133804	6665	0	0	1
1054	D1Ertd622e	NM_133825	649	1	0	1
1055	Creb1	NM_133828	-23649	0	0	0
1056	Rdh10	NM_133832	18	1	1	0
1057	Lrrc8c	NM_133897	47670	0	0	1
1058	Pxn	NM_133915	8719	0	0	1
1059	Mlxip	NM_133917	-16546	0	0	0
1060	Mlxip	NM_133917	-22535	0	1	0
1061	Emilin1	NM_133918	1466	0	0	1
1062	Rpn1	NM_133933	32670	0	0	0
1063	Rpn1	NM_133933	32768	0	0	0
1064	Rpn1	NM_133933	32706	0	0	0
1065	Rpn1	NM_133933	32761	0	0	0
1066	Plekha1	NM_133942	162	1	0	1
1067	Usb1	NM_133954	8981	0	0	1
1068	Rhou	NM_133955	298	1	0	1
1069	Cd276	NM_133983	3501	0	1	0
1070	Nt5m	NM_134029	44047	0	0	0
1071	Fam19a5	NM_134096	-401	1	0	1
1072	Ildr1	NM_134109	15644	0	0	1
1073	Galnt10	NM_134189	-39939	0	0	0
1074	Vmn1r-ps103	NM_134211	-5802	0	0	0
1075	Atp5o	NM_138597	62182	0	0	1
1076	Pim2	NM_138606	1346	0	1	0
1077	Atp12a	NM_138652	-49516	0	0	0
1078	Socs7	NM_138657	41617	0	0	0
1079	Wdr81	NM_138950	1717	0	1	0
1080	Rassf3	NM_138956	43053	0	0	1
1081	Rassf3	NM_138956	-30158	0	0	0
1082	Cytip	NM_139200	26142	0	1	0
1083	Cytip	NM_139200	26159	0	1	0
1084	Defb7	NM_139220	40396	0	0	0
1085	Galnt2	NM_139272	46826	0	0	1
1086	Sh3glb2	NM_139302	34778	0	0	1
1087	Cdkal1	NM_144536	258101	0	0	1
1088	Trib2	NM_144551	-369317	0	0	0
1089	Trib2	NM_144551	-369330	0	0	0
1090	Trib2	NM_144551	-369308	0	0	0
1091	Trib2	NM_144551	-369353	0	0	0
1092	Hectd1	NM_144788	-36088	0	0	0
1093	Slc17a2	NM_144836	10659	0	0	1
1094	Fam49b	NM_144846	-118622	0	0	1
1095	Fam49b	NM_144846	-118402	0	0	1
1096	Daglb	NM_144915	1390	0	0	1
1097	Plekha5	NM_144920	-127724	0	0	0
1098	Tmem45b	NM_144936	-119586	0	0	0
1099	Neto1	NM_144946	-430171	0	0	0
1100	Mgl2	NM_145137	9210	0	0	0
1101	Slc25a28	NM_145156	2391	0	0	1
1102	Slc25a28	NM_145156	21024	0	0	0
1103	Wbscr17	NM_145218	-251159	0	0	1
1104	Btbd2	NM_145361	-190	1	0	0
1105	Wfdc5	NM_145369	4218	0	1	0
1106	Wfdc5	NM_145369	-311	1	0	0
1107	Slc44a3	NM_145394	256	1	0	1
1108	Abhd17a	NM_145421	6308	0	1	0
1109	Zfp503	NM_145459	26647	0	0	0
1110	Shisa2	NM_145463	80554	0	0	1
1111	Shisa2	NM_145463	80543	0	0	1
1112	Stk24	NM_145465	144115	0	1	0
1113	Stk24	NM_145465	144118	0	1	0
1114	Tbc1d22a	NM_145476	63080	0	0	1
1115	Tbc1d22a	NM_145476	7575	0	0	1
1116	Tbc1d22a	NM_145476	63101	0	0	1
1117	Setd4	NM_145482	14300	0	0	1
1118	Zfp521	NM_145492	162352	0	0	1
1119	Ccm2l	NM_145536	6157	0	1	0
1120	Ccm2l	NM_145536	6151	0	1	0
1121	Mrps35	NM_145573	12324	0	0	1
1122	Sbk1	NM_145587	19862	0	1	0
1123	Sbk1	NM_145587	20105	0	1	0
1124	Sbk1	NM_145587	19816	0	1	0
1125	Sbk1	NM_145587	20107	0	1	0
1126	Sbk1	NM_145587	19843	0	1	0
1127	Sbk1	NM_145587	19855	0	1	0
1128	Sbk1	NM_145587	19973	0	1	0
1129	Sbk1	NM_145587	19829	0	1	0
1130	Sbk1	NM_145587	19945	0	1	0
1131	Sbk1	NM_145587	19957	0	1	0
1132	Sbk1	NM_145587	19602	0	1	0
1133	Sbk1	NM_145587	19860	0	1	0
1134	Ice2	NM_145618	-77310	0	0	1
1135	Ankrd27	NM_145633	20813	0	0	1
1136	Ankrd27	NM_145633	5760	0	0	1
1137	Il17d	NM_145837	21545	0	0	0
1138	Evc2	NM_145920	80860	0	0	1
1139	Arhgap9	NM_146011	3228	0	1	0
1140	Plekhh3	NM_146030	7143	0	1	0
1141	Lrrc3b	NM_146052	-121192	0	0	0
1142	Nrros	NM_146069	21394	0	1	0
1143	Lemd2	NM_146075	2774	0	1	0
1144	Habp2	NM_146101	2632	0	0	1
1145	Ipo13	NM_146152	-117	1	0	0
1146	Tmem119	NM_146162	-5121	0	0	0
1147	Tmem119	NM_146162	1803	0	0	1
1148	Tspan33	NM_146173	1991	0	0	1
1149	Tspan33	NM_146173	1987	0	0	1
1150	Ccdc106	NM_146178	222	1	1	0
1151	Slc5a11	NM_146198	-14941	0	0	0
1152	Slc5a11	NM_146198	-14927	0	0	0
1153	Cmtr2	NM_146215	13951	0	0	0
1154	Cmtr2	NM_146215	13916	0	0	0
1155	Cdk17	NM_146239	-13992	0	0	0
1156	Cdk17	NM_146239	-13991	0	0	0
1157	Rp1l1	NM_146246	29545	0	1	0
1158	Olfr1394	NM_146276	10562	0	0	1
1159	Olfr460	NM_146383	-10949	0	0	1
1160	Olfr1370	NM_146535	18591	0	0	0
1161	Olfr340	NM_146951	10979	0	0	0
1162	Gprc5c	NM_147217	14691	0	1	0
1163	Dicer1	NM_148948	-9577	0	0	0
1164	Gipc3	NM_148951	2067	0	1	0
1165	Plk2	NM_152804	169399	0	0	0
1166	Slc44a2	NM_152808	730	1	0	1
1167	Unc5cl	NM_152823	90190	0	0	0
1168	Mkl1	NM_153049	-37294	0	0	1
1169	Lrrc25	NM_153074	4254	0	0	0
1170	Hrh4	NM_153087	24675	0	0	0
1171	Prss42	NM_153099	-15476	0	0	0
1172	Rab11fip3	NM_153140	13779	0	0	1
1173	Slc35e4	NM_153142	2215	0	0	1
1174	Slc25a1	NM_153150	466	1	0	1
1175	Ago2	NM_153178	-111614	0	0	1
1176	Mical3	NM_153396	16844	0	0	1
1177	Mical3	NM_153396	-6381	0	0	1
1178	Mical3	NM_153396	16788	0	0	1
1179	Mical3	NM_153396	-22164	0	0	1
1180	Syne1	NM_153399	4614	0	0	1
1181	Syne1	NM_153399	35786	0	0	1
1182	Ago1	NM_153403	12680	0	0	1
1183	Ago1	NM_153403	-22385	0	1	0
1184	Clstn3	NM_153508	-12236	0	0	0
1185	Kcng3	NM_153512	695	1	1	0
1186	Mboat1	NM_153546	45414	0	0	1
1187	Katnal1	NM_153572	7290	0	1	0
1188	Atg4d	NM_153583	44	1	1	0
1189	Nars2	NM_153591	-43424	0	1	0
1190	Nars2	NM_153591	-43437	0	1	0
1191	Snx17	NM_153680	496	1	0	1
1192	Dnmt3a	NM_153743	26310	0	0	0
1193	Fermt3	NM_153795	1561	0	0	1
1194	Cd300a	NM_170758	421	1	0	1
1195	Sidt2	NM_172257	186	1	1	0
1196	Plcg2	NM_172285	-60501	0	0	1
1197	Plcg2	NM_172285	-60542	0	0	1
1198	Plcg2	NM_172285	-9535	0	0	0
1199	Nup133	NM_172288	-9149	0	0	1
1200	Slc36a4	NM_172289	-16	1	0	0
1201	Mab21l3	NM_172295	-43826	0	1	0
1202	Dmrta2	NM_172296	3997	0	1	0
1203	Ube2z	NM_172300	1488	0	0	1
1204	Slc22a22	NM_172378	186298	0	0	1
1205	Tmem125	NM_172383	-11006	0	1	0
1206	Mamstr	NM_172418	3087	0	0	1
1207	Smndc1	NM_172429	-14312	0	0	0
1208	Smndc1	NM_172429	-14340	0	0	0
1209	Tbc1d16	NM_172443	928	1	0	1
1210	Diaph2	NM_172493	-67064	0	0	0
1211	Diaph2	NM_172493	-67128	0	0	0
1212	Cobl	NM_172496	-291584	0	0	0
1213	Cobl	NM_172496	-313535	0	0	0
1214	Nhlrc3	NM_172501	10689	0	1	0
1215	Rufy1	NM_172557	-19385	0	0	0
1216	Hlf	NM_172563	42996	0	0	1
1217	Fbf1	NM_172571	6812	0	0	1
1218	Scara3	NM_172604	45758	0	0	0
1219	Scara3	NM_172604	45733	0	0	0
1220	Mpped1	NM_172610	-13531	0	0	0
1221	Mapk4	NM_172632	900	1	0	1
1222	Plekhs1	NM_172641	8619	0	0	1
1223	Plekhs1	NM_172641	8605	0	0	1
1224	Dars2	NM_172644	-51	1	0	0
1225	Kctd3	NM_172650	104283	0	0	1
1226	Slc2a6	NM_172659	1959	0	1	0
1227	Prrc2b	NM_172661	440	1	0	1
1228	Uba6	NM_172712	232	1	0	1
1229	Sdad1	NM_172713	-8910	0	0	0
1230	Sdad1	NM_172713	-8918	0	0	0
1231	Fgd5	NM_172731	1074	0	1	0
1232	Dera	NM_172733	9987	0	0	1
1233	Mtmr10	NM_172742	-72	1	0	0
1234	Dmxl2	NM_172771	-1451	0	0	0
1235	Slc22a29	NM_172776	-67197	0	0	0
1236	Lrp11	NM_172784	220	1	1	0
1237	Sh3rf3	NM_172788	-3675	0	0	0
1238	Sdk2	NM_172800	117001	0	0	1
1239	Zfp697	NM_172863	29028	0	0	1
1240	Ttc34	NM_172878	-53926	0	0	0
1241	Ttc34	NM_172878	-81938	0	0	0
1242	2900026A02Rik	NM_172884	8572	0	0	1
1243	D8Ertd82e	NM_172911	-75672	0	0	0
1244	D8Ertd82e	NM_172911	9109	0	1	0
1245	D8Ertd82e	NM_172911	-75698	0	0	0
1246	Abcc12	NM_172912	334466	0	0	0
1247	Col6a6	NM_172927	31811	0	1	0
1248	Col6a6	NM_172927	50680	0	0	1
1249	Nkain3	NM_172987	-364477	0	0	0
1250	Tbcel	NM_173038	35080	0	1	0
1251	Fam124b	NM_173425	155877	0	0	0
1252	Fam124b	NM_173425	160199	0	0	0
1253	Fam110b	NM_173426	119068	0	0	1
1254	Fam110b	NM_173426	119078	0	0	1
1255	Rpgrip1l	NM_173431	8526	0	0	1
1256	Nrip1	NM_173440	-165451	0	0	0
1257	Nrip1	NM_173440	-306924	0	0	0
1258	Tdrp	NM_173744	42	1	1	0
1259	Mrps27	NM_173757	14524	0	0	1
1260	Slc45a1	NM_173774	-24088	0	0	0
1261	Sowahd	NM_173779	780	1	1	0
1262	Sowahd	NM_173779	799	1	1	0
1263	Helt	NM_173789	13572	0	0	0
1264	Ticam1	NM_174989	-4822	0	1	0
1265	Ticam1	NM_174989	-4813	0	1	0
1266	Mgst2	NM_174995	181020	0	0	1
1267	Adnp2	NM_175028	38809	0	0	1
1268	Mdfic	NM_175088	344253	0	0	0
1269	Tnks	NM_175091	-110617	0	0	0
1270	Tnks	NM_175091	22584	0	0	1
1271	Stbd1	NM_175096	-3827	0	0	0
1272	Stbd1	NM_175096	-3846	0	0	0
1273	Slc38a2	NM_175121	-37129	0	0	0
1274	Chst8	NM_175140	191	1	1	0
1275	Arhgap26	NM_175164	88846	0	0	1
1276	Mast4	NM_175171	194277	0	1	0
1277	Fam53b	NM_175268	60185	0	0	1
1278	Nav2	NM_175272	-110676	0	0	1
1279	Fam46b	NM_175307	-53011	0	0	0
1280	Ano6	NM_175344	39314	0	0	1
1281	Ano6	NM_175344	39280	0	0	1
1282	Ano6	NM_175344	39279	0	0	1
1283	Ldhal6b	NM_175349	100030	0	1	0
1284	Exoc6	NM_175353	-54570	0	0	0
1285	Exoc6	NM_175353	-54645	0	0	0
1286	Exoc6	NM_175353	-54647	0	0	0
1287	Exoc6	NM_175353	26627	0	1	0
1288	Exoc6	NM_175353	26572	0	1	0
1289	4933402P03Rik	NM_175368	2867	0	0	0
1290	2700081O15Rik	NM_175381	6069	0	1	0
1291	2700081O15Rik	NM_175381	6093	0	1	0
1292	2700081O15Rik	NM_175381	6105	0	1	0
1293	2700081O15Rik	NM_175381	6065	0	1	0
1294	2700081O15Rik	NM_175381	6099	0	1	0
1295	Rbfox2	NM_175387	-20807	0	0	0
1296	Atp6v0d2	NM_175406	11980	0	1	0
1297	Orai1	NM_175423	14683	0	1	0
1298	Wdr18	NM_175450	-12556	0	0	1
1299	Wdr18	NM_175450	-12573	0	0	1
1300	Kcnt1	NM_175462	28983	0	0	1
1301	Arhgap25	NM_175476	225	1	1	0
1302	5830411N06Rik	NM_175533	-12042	0	0	0
1303	Arhgap20	NM_175535	4158	0	0	1
1304	C030006K11Rik	NM_176828	-1134	0	1	0
1305	Fam76b	NM_176836	141335	0	0	0
1306	Pld5	NM_176916	-91	1	0	0
1307	Dusp4	NM_176933	-79760	0	0	0
1308	6430573F11Rik	NM_176952	-112793	0	0	0
1309	C130050O18Rik	NM_177000	2105	0	0	1
1310	Sp8	NM_177082	-9789	0	0	0
1311	Cep95	NM_177088	29190	0	0	1
1312	Cep95	NM_177088	29217	0	0	1
1313	Gnal	NM_177137	-488	1	0	0
1314	Rinl	NM_177158	7193	0	1	0
1315	Rinl	NM_177158	7209	0	1	0
1316	Rinl	NM_177158	6887	0	0	1
1317	Kndc1	NM_177261	-19775	0	0	1
1318	Kndc1	NM_177261	-19782	0	0	1
1319	Agtr1a	NM_177322	63557	0	0	0
1320	Cyp3a44	NM_177380	-23477	0	0	0
1321	BC049762	NM_177567	8373	0	1	0
1322	Plcb2	NM_177568	4643	0	1	0
1323	Slfnl1	NM_177570	-15383	0	0	1
1324	Slfnl1	NM_177570	-15343	0	1	0
1325	Slfnl1	NM_177570	-15333	0	1	0
1326	AA986860	NM_177604	411	1	0	1
1327	Psd4	NM_177611	1133	0	0	1
1328	Dgkd	NM_177646	-549	1	0	0
1329	F830045P16Rik	NM_177653	-10132	0	0	0
1330	Vgll4	NM_177683	-8392	0	0	0
1331	Zfp637	NM_177684	-20906	0	0	0
1332	Ppp1r3b	NM_177741	-118732	0	0	0
1333	Ccdc60	NM_177759	95642	0	0	1
1334	Ccdc60	NM_177759	95667	0	0	1
1335	Lhfpl4	NM_177763	1394	0	1	0
1336	Smtnl2	NM_177776	15010	0	0	1
1337	Prex1	NM_177782	65032	0	0	1
1338	Exoc3l	NM_177788	-148	1	0	0
1339	Zfp236	NM_177832	-269	1	0	0
1340	Fam163a	NM_177838	183	1	1	0
1341	Vps37b	NM_177876	5517	0	0	1
1342	Vps37b	NM_177876	5663	0	0	1
1343	Vps37b	NM_177876	5690	0	0	1
1344	Sdk1	NM_177879	342343	0	0	1
1345	Sdk1	NM_177879	-99532	0	0	0
1346	Lrrtm2	NM_178005	-78210	0	0	1
1347	Lrrtm2	NM_178005	-78198	0	0	1
1348	Pigk	NM_178016	-7784	0	0	0
1349	Prom2	NM_178047	2781	0	0	1
1350	Thra	NM_178060	-2565	0	0	0
1351	Arel1	NM_178065	689	1	0	1
1352	Trim62	NM_178110	23308	0	0	1
1353	Lcorl	NM_178142	208	1	0	1
1354	Tcfl5	NM_178254	-16795	0	1	0
1355	Hapln3	NM_178255	18201	0	1	0
1356	E2f7	NM_178609	-49986	0	0	0
1357	Sccpdh	NM_178653	41145	0	0	0
1358	Lpp	NM_178665	-200364	0	0	0
1359	Ubxn10	NM_178671	48778	0	0	0
1360	Zfp365	NM_178679	3148	0	1	0
1361	Zfp365	NM_178679	2976	0	1	0
1362	Zfp365	NM_178679	107847	0	0	0
1363	C130074G19Rik	NM_178692	16614	0	0	0
1364	Gins2	NM_178856	16356	0	1	0
1365	Gins2	NM_178856	16378	0	1	0
1366	Gins2	NM_178856	16368	0	1	0
1367	Gins2	NM_178856	16362	0	1	0
1368	Gins2	NM_178856	16370	0	1	0
1369	Lingo1	NM_181074	54768	0	0	1
1370	Anks1b	NM_181398	120121	0	0	1
1371	Cmbl	NM_181588	-138	1	0	0
1372	Adm2	NM_182928	-1416	0	0	0
1373	Raver2	NM_183024	-74225	0	1	0
1374	Raver2	NM_183024	-74268	0	1	0
1375	Pcmtd1	NM_183028	85	1	1	0
1376	Pcmtd1	NM_183028	153571	0	0	0
1377	Elfn2	NM_183141	46118	0	1	0
1378	Zfp598	NM_183149	9321	0	1	0
1379	C1qtnf9	NM_183175	-5136	0	1	0
1380	Usp44	NM_183199	-68167	0	0	0
1381	Usp24	NM_183225	19052	0	0	1
1382	Coa4	NM_183270	2055	0	1	0
1383	Dhrs13	NM_183286	354	1	1	0
1384	Tcerg1l	NM_183289	127892	0	0	1
1385	Taok3	NM_183306	6913	0	0	1
1386	Slc12a1	NM_183354	-1544	0	0	0
1387	Pbx1	NM_183355	215858	0	0	1
1388	Qrfp	NM_183424	-13179	0	0	1
1389	Esrp1	NM_194055	24588	0	0	1
1390	Foxo6	NM_194060	20057	0	1	0
1391	Foxo6	NM_194060	20067	0	1	0
1392	Scyl2	NM_198021	15226	0	0	1
1393	Tbx3	NM_198052	-17014	0	0	0
1394	Gmip	NM_198101	2833	0	0	1
1395	Lrrc24	NM_198119	3787	0	1	0
1396	Rai2	NM_198409	190867	0	0	1
1397	Rai2	NM_198409	476	1	0	1
1398	1700016K19Rik	NM_198637	-22934	0	0	0
1399	Cdh26	NM_198656	236439	0	0	0
1400	Stpg2	NM_198659	894976	0	0	0
1401	Tfap2e	NM_198960	3388	0	0	1
1402	Stard8	NM_199018	909	1	0	1
1403	Stard8	NM_199018	887	1	0	1
1404	Stard8	NM_199018	879	1	0	1
1405	BC051665	NM_199148	89168	0	0	1
1406	Kcnk12	NM_199251	22637	0	0	1
1407	Tssc1	NM_201357	57456	0	0	1
1408	Tssc1	NM_201357	299170	0	0	0
1409	Plec	NM_201394	3570	0	0	1
1410	Plec	NM_201394	6499	0	0	1
1411	Synm	NM_201639	196	1	1	0
1412	Chrm2	NM_203491	-97990	0	0	0
1413	Cebpe	NM_207131	168	1	1	0
1414	Tes	NM_207176	-65364	0	0	0
1415	Tes	NM_207176	-65403	0	0	0
1416	Igsf3	NM_207205	42364	0	0	1
1417	Igsf3	NM_207205	42340	0	0	1
1418	Acap3	NM_207223	14313	0	1	0
1419	Arl5c	NM_207231	-3303	0	0	0
1420	Man1c1	NM_207237	-31287	0	0	0
1421	Man1c1	NM_207237	70737	0	0	1
1422	Tdpoz4	NM_207272	-47100	0	0	0
1423	Ccdc121	NM_207280	64154	0	0	1
1424	Ccdc121	NM_207280	64177	0	0	1
1425	Osbpl1a	NM_207530	968	1	0	1
1426	Vmn1r64	NM_207544	14008	0	0	0
1427	Esr2	NM_207707	81905	0	0	1
1428	Fam53b	NM_212473	7970	0	0	1
1429	Snora69	NR_002900	15282	0	0	0
1430	Vmn2r-ps11	NR_003962	31513	0	0	1
1431	Cdk3-ps	NR_004853	6173	0	1	0
1432	B430010I23Rik	NR_015457	-31838	0	1	0
1433	1700108F19Rik	NR_015485	-2528	0	0	0
1434	1700108F19Rik	NR_015485	-2551	0	0	0
1435	1700108F19Rik	NR_015485	-2550	0	0	0
1436	A530013C23Rik	NR_015500	62824	0	0	0
1437	A530013C23Rik	NR_015500	61146	0	0	0
1438	A530013C23Rik	NR_015500	117843	0	0	0
1439	Rab10os	NR_015551	-167547	0	0	0
1440	5031425F14Rik	NR_015558	24858	0	0	0
1441	9530036O11Rik	NR_015562	-538	1	0	1
1442	1700012D14Rik	NR_015573	-410	1	0	0
1443	4933432I09Rik	NR_015575	-8588	0	1	0
1444	Hoxaas3	NR_015611	-641	1	0	1
1445	1700008J07Rik	NR_024331	6811	0	0	0
1446	Gm5468	NR_027376	92807	0	0	0
1447	4932435O22Rik	NR_027643	17840	0	0	1
1448	4933432I09Rik	NR_027843	34703	0	0	0
1449	BB123696	NR_027893	2564	0	0	1
1450	1700029M20Rik	NR_027909	28142	0	0	0
1451	1700020N01Rik	NR_027968	-98673	0	0	0
1452	Gm4566	NR_028023	4117	0	0	1
1453	Sapcd1	NR_028258	2835	0	1	0
1454	2210417A02Rik	NR_028285	81144	0	0	0
1455	2210417A02Rik	NR_028285	68760	0	0	0
1456	Fance	NR_028297	-15125	0	1	0
1457	Gm17762	NR_028378	-1043	0	1	0
1458	Gm2176	NR_028424	-69324	0	0	1
1459	Gm2176	NR_028424	-23162	0	0	0
1460	F930015N05Rik	NR_028445	-75165	0	0	1
1461	4930584F24Rik	NR_029445	154619	0	0	0
1462	Mirlet7i	NR_029527	31023	0	0	0
1463	Mir29b-1	NR_029532	-63449	0	0	0
1464	Mir30a	NR_029533	-18078	0	0	0
1465	Mir135a-1	NR_029549	1238	0	1	0
1466	Mir142	NR_029555	353	1	0	0
1467	Mir148a	NR_029719	-14174	0	0	0
1468	Mir29a	NR_029744	31497	0	0	0
1469	Mir34a	NR_029751	-1075	0	0	0
1470	Mir218-2	NR_029799	15262	0	0	1
1471	Mir9-3	NR_029818	3572	0	0	1
1472	Mir128-2	NR_029823	-24791	0	1	0
1473	Mir302b	NR_030403	-86018	0	0	0
1474	Mir671	NR_030423	-754	1	1	0
1475	Mir671	NR_030423	169	1	1	0
1476	Mir721	NR_030500	-20597	0	0	1
1477	Mir297c	NR_030555	240214	0	0	1
1478	Mir568	NR_030576	-63014	0	1	0
1479	Mir574	NR_030577	24162	0	0	1
1480	2810410L24Rik	NR_030682	2311	0	1	0
1481	A930011G23Rik	NR_030692	101919	0	0	1
1482	Gm833	NR_033138	-50296	0	0	0
1483	Gm20605	NR_033148	3460	0	0	1
1484	Gm10789	NR_033476	7188	0	0	0
1485	Gm10789	NR_033476	-4913	0	0	0
1486	Gm10789	NR_033476	-4626	0	0	0
1487	4931406H21Rik	NR_033492	47223	0	0	1
1488	4931406H21Rik	NR_033492	47227	0	0	1
1489	Wiz	NR_033525	-2984	0	1	0
1490	Rbm3os	NR_033561	-1175	0	0	1
1491	Spn-ps	NR_033583	-22665	0	0	0
1492	Hmgb1-rs17	NR_033589	89	1	1	0
1493	4933417G07Rik	NR_033592	129975	0	0	1
1494	Gm7134	NR_033597	-340088	0	0	0
1495	Gm12669	NR_033611	86776	0	0	0
1496	1810010D01Rik	NR_033626	76654	0	0	0
1497	A630075F10Rik	NR_033634	139922	0	0	0
1498	Mir1930	NR_035451	-6262	0	0	1
1499	Mir1963	NR_035489	-6331	0	0	1
1500	Mir1971	NR_035499	-47875	0	0	0
1501	Mir1982	NR_035503	6628	0	1	0
1502	Gm4814	NR_036451	-9795	0	1	0
1503	1700121N20Rik	NR_036593	138361	0	0	0
1504	Mir3108	NR_037295	-25790	0	0	1
1505	Mir3108	NR_037295	-35908	0	0	1
1506	Mir3110	NR_037297	60179	0	0	0
1507	E030025P04Rik	NR_037978	75308	0	0	0
1508	E030025P04Rik	NR_037978	-49240	0	0	0
1509	Platr26	NR_037979	16243	0	0	0
1510	Platr26	NR_037979	16458	0	0	0
1511	2310015D24Rik	NR_037997	-18079	0	1	0
1512	Gm19395	NR_038015	-72302	0	0	0
1513	Gm20110	NR_038019	-71378	0	0	0
1514	4930546C10Rik	NR_038051	-181463	0	0	0
1515	4930474N09Rik	NR_038130	-137392	0	0	1
1516	4930474N09Rik	NR_038130	43878	0	0	0
1517	4930474N09Rik	NR_038130	-38020	0	0	1
1518	1700042G15Rik	NR_038178	-22282	0	0	0
1519	1700042G15Rik	NR_038179	25278	0	0	0
1520	Mir5101	NR_039560	106180	0	0	1
1521	9330179D12Rik	NR_040274	-3360	0	1	0
1522	9330179D12Rik	NR_040274	-3338	0	1	0
1523	9330179D12Rik	NR_040274	-19612	0	1	0
1524	9330179D12Rik	NR_040274	-3351	0	1	0
1525	3632454L22Rik	NR_040283	540	1	1	1
1526	6720468P15Rik	NR_040307	39285	0	0	0
1527	Gm15880	NR_040343	-48470	0	1	0
1528	A230028O05Rik	NR_040374	-320	1	0	0
1529	Gm10007	NR_040449	-164219	0	1	0
1530	Gm10007	NR_040449	-222857	0	0	1
1531	1810053B23Rik	NR_040486	202772	0	0	0
1532	1700080N15Rik	NR_040500	122634	0	0	0
1533	1700003L19Rik	NR_040507	111223	0	0	0
1534	1700028P15Rik	NR_040509	89619	0	0	0
1535	1700028P15Rik	NR_040509	-26028	0	0	0
1536	1700036G14Rik	NR_040542	-142558	0	0	0
1537	2010009K17Rik	NR_040609	10904	0	0	1
1538	9230105E05Rik	NR_040626	21246	0	0	1
1539	Gm13490	NR_040639	-60573	0	0	0
1540	1700045H11Rik	NR_040649	97102	0	0	0
1541	Gm5860	NR_040659	-255908	0	0	0
1542	4930509K18Rik	NR_040663	-9438	0	0	0
1543	4930509K18Rik	NR_040663	65800	0	0	0
1544	4933438B17Rik	NR_040685	-713245	0	0	0
1545	Gm10637	NR_040697	-122225	0	0	0
1546	6030466F02Rik	NR_040702	17649	0	0	0
1547	B930018H19Rik	NR_040706	232532	0	0	0
1548	B930018H19Rik	NR_040706	17987	0	0	1
1549	Plet1os	NR_040714	-8869	0	0	0
1550	4933432G23Rik	NR_040716	-33390	0	0	0
1551	4930428G15Rik	NR_040730	206186	0	0	0
1552	4930428G15Rik	NR_040730	18847	0	0	0
1553	Gm6639	NR_040748	259926	0	0	0
1554	4930565D16Rik	NR_040752	-37271	0	0	0
1555	Gm5122	NR_040767	-1432	0	0	0
1556	9130015A21Rik	NR_045050	-16591	0	0	0
1557	4921525O09Rik	NR_045061	-36360	0	0	0
1558	AI197445	NR_045084	108609	0	0	0
1559	A330076C08Rik	NR_045088	18393	0	1	0
1560	Gm19689	NR_045094	645172	0	0	0
1561	4933427I22Rik	NR_045160	6116	0	1	1
1562	Gm8633	NR_045179	-134797	0	0	0
1563	B230214G05Rik	NR_045281	-69105	0	0	0
1564	1700064M15Rik	NR_045288	74409	0	0	0
1565	Rptoros	NR_045313	26818	0	0	1
1566	4933411E08Rik	NR_045342	-36540	0	0	0
1567	4933411E08Rik	NR_045342	22347	0	1	0
1568	4933440J02Rik	NR_045344	34923	0	0	0
1569	1700030O20Rik	NR_045345	28116	0	0	0
1570	1700030O20Rik	NR_045345	28108	0	0	0
1571	Grip1os2	NR_045359	94957	0	0	1
1572	4921531P14Rik	NR_045361	39962	0	0	0
1573	4921531P14Rik	NR_045361	-198319	0	0	0
1574	4921531P14Rik	NR_045361	172009	0	0	0
1575	Pitpnm2os1	NR_045369	4798	0	0	1
1576	Pitpnm2os1	NR_045369	4952	0	1	0
1577	1700034G24Rik	NR_045396	-37931	0	0	0
1578	A830052D11Rik	NR_045403	-53794	0	1	0
1579	G630055G22Rik	NR_045404	-24321	0	0	0
1580	4930452A19Rik	NR_045433	49526	0	0	0
1581	Bcor	NR_045434	23561	0	1	1
1582	B630019K06Rik	NR_045448	284	1	1	0
1583	4933433H22Rik	NR_045458	40631	0	0	0
1584	4933433H22Rik	NR_045458	35915	0	0	0
1585	4933433H22Rik	NR_045458	50601	0	0	0
1586	4933433H22Rik	NR_045458	-93042	0	0	0
1587	4930548J01Rik	NR_045462	-121341	0	0	0
1588	2310020H05Rik	NR_045495	-13300	0	0	0
1589	5930403L14Rik	NR_045643	135282	0	0	1
1590	I730028E13Rik	NR_045705	-6444	0	0	0
1591	E130310I04Rik	NR_045723	-25994	0	0	1
1592	4933400L20Rik	NR_045730	198152	0	0	0
1593	1700030F04Rik	NR_045731	176138	0	0	0
1594	1700060C16Rik	NR_045732	-182060	0	1	0
1595	A530072M11Rik	NR_045765	531262	0	0	0
1596	A530072M11Rik	NR_045765	422367	0	0	0
1597	4930417O22Rik	NR_045806	-27673	0	0	0
1598	4930548G14Rik	NR_045811	151551	0	0	0
1599	A430090L17Rik	NR_045836	170792	0	0	1
1600	Gm17746	NR_045844	138356	0	0	0
1601	Gm17746	NR_045844	62106	0	0	0
1602	5430440P10Rik	NR_045859	-78991	0	0	0
1603	7420701I03Rik	NR_045860	-310022	0	0	0
1604	Gm10556	NR_045881	-3355	0	0	0
1605	1700128A07Rik	NR_045938	135660	0	0	0
1606	1700128A07Rik	NR_045938	135661	0	0	0
1607	4930432J09Rik	NR_045953	73256	0	0	0
1608	4930432J09Rik	NR_045953	73304	0	0	0
1609	4833412C05Rik	NR_045954	4762	0	0	1
1610	1700003P14Rik	NR_045982	-45875	0	0	0
1611	1700003P14Rik	NR_045982	-45866	0	0	0
1612	C330024C12Rik	NR_046016	15872	0	0	0
1613	C330024C12Rik	NR_046016	15892	0	0	0
1614	C330024C12Rik	NR_046016	15908	0	0	0
1615	Gm10677	NR_046048	-82456	0	0	0
1616	Gm10677	NR_046048	-82431	0	0	0
1617	Gm2516	NR_046067	979192	0	0	0
1618	Gm5086	NR_046157	91750	0	0	0
1619	Gm16294	NR_046185	-6527	0	0	0
1620	Gm16294	NR_046185	-6533	0	0	0
1621	Bcas3os2	NR_046194	-24398	0	0	1
1622	D730050B12Rik	NR_046196	-44331	0	0	0
1623	D730050B12Rik	NR_046196	-57299	0	0	0
1624	Rn45s	NR_046233	375	1	1	0
1625	Rn45s	NR_046233	557	1	1	0
1626	Ankzf1	NR_051999	6353	0	1	0
1627	Ankzf1	NR_051999	6388	0	1	0
1628	4932415M13Rik	NR_073205	55659	0	0	0
1629	D830026I12Rik	NR_102305	-27244	0	0	0
1630	6030469F06Rik	NR_102715	-18803	0	0	0
1631	Cd247	NR_103716	39670	0	0	1
