	name	feature.name	dist.to.feature	prom	exon	intron
1	2510009E07Rik	NM_001001881	29584	0	0	1
2	Mtus1	NM_001005863	36306	0	0	1
3	Tceanc	NM_001007577	273	1	0	1
4	Tceanc	NM_001007577	-57	1	0	0
5	Best3	NM_001007583	12771	0	0	1
6	Rtn1	NM_001007596	-20833	0	0	1
7	Scgb2b20	NM_001009952	36645	0	0	0
8	Fut10	NM_001012517	32002	0	0	1
9	Osm	NM_001013365	-4025	0	0	0
10	Tmem151b	NM_001013749	4711	0	1	0
11	Maml2	NM_001013813	-5569	0	0	0
12	Maf	NM_001025577	348785	0	0	0
13	Maf	NM_001025577	389003	0	0	1
14	Pdzd4	NM_001029868	339	1	1	0
15	Lonrf2	NM_001029878	74072	0	0	0
16	Pecam1	NM_001032378	-56	1	0	0
17	C77080	NM_001033189	22274	0	0	1
18	Fam8a1	NM_001033192	-41499	0	0	1
19	Prickle1	NM_001033217	-73013	0	0	0
20	Gxylt1	NM_001033275	-4322	0	0	0
21	Carmil2	NM_001033320	3367	0	0	1
22	Zbtb16	NM_001033324	43812	0	0	1
23	Gal3st4	NM_001033416	-3200	0	1	0
24	Mef2a	NM_001033713	-70637	0	0	0
25	Smim9	NM_001033786	7881	0	0	1
26	Limk2	NM_001034030	2743	0	1	1
27	Ccdc160	NM_001034059	-1435	0	0	0
28	Fam134b	NM_001034851	-69340	0	0	1
29	Agap1	NM_001037136	30615	0	0	1
30	Csf1r	NM_001037859	26249	0	1	0
31	Defb25	NM_001039122	8085	0	0	0
32	Trim46	NM_001039466	943	1	1	0
33	Tex40	NM_001039494	-918	1	1	0
34	Tex40	NM_001039494	-913	1	1	0
35	1700015E13Rik	NM_001039593	122172	0	0	1
36	Edem3	NM_001039644	124517	0	0	0
37	Txnrd1	NM_001042513	-11843	0	0	1
38	Arrdc4	NM_001042592	-110599	0	0	0
39	Dhx15	NM_001042620	290637	0	0	0
40	Smad7	NM_001042660	17328	0	0	1
41	Nrp2	NM_001077404	19198	0	0	1
42	Cntnap5a	NM_001077425	-1868920	0	0	0
43	Gtf2i	NM_001080746	-18189	0	0	0
44	Gm1123	NM_001080776	-27328	0	0	1
45	Cps1	NM_001080809	256526	0	0	0
46	B230217C12Rik	NM_001080935	-10135	0	0	1
47	Ogfrl1	NM_001081079	-8899	0	0	0
48	Stim2	NM_001081103	-444	1	0	0
49	Mdga1	NM_001081160	35373	0	1	0
50	Mdga1	NM_001081160	35396	0	1	0
51	Adgrf5	NM_001081178	-55205	0	0	0
52	Tmem28	NM_001081283	-313	1	0	0
53	Cped1	NM_001081351	17947	0	0	1
54	Ccdc153	NM_001081369	-1515	0	0	0
55	Furin	NM_001081454	-51315	0	0	1
56	Camta1	NM_001081557	296102	0	0	1
57	Ccnd3	NM_001081636	18445	0	0	1
58	Dact3	NM_001081655	-13689	0	0	1
59	Nup62cl	NM_001081668	70	1	1	0
60	Magi1	NM_001083321	214569	0	0	1
61	Tns3	NM_001083587	22619	0	0	1
62	Xirp2	NM_001083919	-45971	0	0	0
63	Zfp467	NM_001085416	6182	0	1	1
64	Kif26a	NM_001097621	31671	0	1	0
65	Grsf1	NM_001098476	33015	0	1	0
66	Rapgef2	NM_001099624	798403	0	0	0
67	Rapgef2	NM_001099624	1350480	0	0	0
68	Pklr	NM_001099779	11294	0	1	0
69	Stx16	NM_001102423	-89126	0	0	0
70	Vmn2r120	NM_001104591	52316	0	0	0
71	Skor2	NM_001109743	15871	0	0	1
72	Cdca2	NM_001110162	121176	0	0	0
73	Vegfa	NM_001110266	6399	0	1	0
74	Vegfa	NM_001110266	139085	0	0	0
75	Nedd9	NM_001111324	-59372	0	0	0
76	Sept9	NM_001113487	-1422	0	0	1
77	Sept9	NM_001113488	55252	0	0	0
78	Serbp1	NM_001113566	-61346	0	0	0
79	Mtcl1	NM_001114098	72684	0	0	1
80	Plcl1	NM_001114663	91893	0	0	1
81	Suds3	NM_001122666	-510	1	0	0
82	Tfap2a	NM_001122948	79144	0	0	0
83	Arhgef1	NM_001130152	13872	0	0	1
84	Golga7b	NM_001141983	-16418	0	0	0
85	Tcf7l2	NM_001142924	133834	0	0	0
86	Tcf7l2	NM_001142924	102407	0	0	0
87	Lrp4	NM_001145857	16547	0	0	1
88	Tenm3	NM_001145937	-20995	0	0	0
89	C5ar2	NM_001146005	4257	0	0	1
90	C5ar2	NM_001146005	4288	0	0	1
91	Hk1	NM_001146100	10488	0	0	1
92	Homer3	NM_001146153	-4633	0	0	0
93	Homer3	NM_001146153	-4665	0	0	0
94	Homer3	NM_001146153	-4634	0	0	0
95	Homer3	NM_001146153	-4627	0	0	0
96	Homer3	NM_001146153	-4618	0	0	0
97	Ces3b	NM_001159415	15467	0	0	0
98	Grip2	NM_001159507	9568	0	0	1
99	Dut	NM_001159646	-43843	0	0	1
100	Tfap2c	NM_001159696	109427	0	0	0
101	Cldn10	NM_001160099	-10742	0	0	1
102	Celf2	NM_001160292	-102154	0	0	1
103	Celf2	NM_001160292	-102177	0	0	1
104	Optc	NM_001160422	47219	0	0	0
105	Nol4	NM_001161483	96612	0	0	1
106	Mgat4c	NM_001162369	1424	0	0	1
107	Troap	NM_001162506	1840	0	0	1
108	Gm8267	NM_001162954	-50415	0	0	0
109	Neurl1a	NM_001163480	94786	0	0	1
110	Nt5c2	NM_001164363	-8183	0	1	0
111	Kcnk13	NM_001164426	8138	0	0	1
112	Amigo2	NM_001164602	-225312	0	0	0
113	Amigo2	NM_001164602	-129760	0	0	1
114	Amigo2	NM_001164602	-114498	0	0	1
115	Mia2	NM_001165253	5820	0	0	1
116	Ctnnb1	NM_001165902	34688	0	0	1
117	Cldn14	NM_001165926	-27981	0	0	1
118	Pias3	NM_001165949	2364	0	1	0
119	Mid1ip1	NM_001166635	959	1	1	0
120	Ankrd7	NM_001167757	722862	0	0	0
121	Fam83h	NM_001168253	5168	0	1	0
122	Slc35b3	NM_001170431	-213371	0	0	0
123	Rbms3	NM_001172123	78414	0	0	1
124	Rbm41	NM_001172147	391	1	0	1
125	Gm7102	NM_001177513	97267	0	0	1
126	Slc25a13	NM_001177572	83820	0	0	1
127	Esp23	NM_001177582	-65038	0	0	0
128	Phactr3	NM_001177789	114	1	1	0
129	Jak3	NM_001190830	3577	0	0	1
130	Arhgap27	NM_001205236	8302	0	0	1
131	Hk3	NM_001206391	15858	0	1	0
132	Rnf223	NM_001220499	-1250	0	0	0
133	A630023A22Rik	NM_001251843	-4492	0	0	0
134	Slc6a15	NM_001252330	242119	0	0	0
135	Cdh23	NM_001252635	10447	0	0	1
136	Tbc1d7	NM_001252639	-40327	0	0	1
137	Irx3	NM_001253822	-54574	0	0	0
138	7530416G11Rik	NM_001256072	-4507	0	0	0
139	Ankra2	NM_001271388	18613	0	0	0
140	Cd82	NM_001271462	2516	0	0	1
141	Myh14	NM_001271538	26622	0	0	1
142	Setmar	NM_001276356	-199161	0	0	0
143	Acr	NM_001277247	-20497	0	1	0
144	Acr	NM_001277247	-20427	0	1	0
145	Acr	NM_001277247	-20398	0	1	0
146	Acr	NM_001277247	-20515	0	1	0
147	Grip1	NM_001277292	-404	1	0	0
148	Pex5	NM_001277330	4284	0	0	1
149	Abcd1	NM_007435	640	1	1	0
150	Aqp8	NM_007474	-40826	0	0	1
151	Asgr2	NM_007493	-7625	0	0	0
152	Bach1	NM_007520	52438	0	0	0
153	Bmp2	NM_007553	24577	0	0	0
154	Cdh15	NM_007662	28284	0	0	0
155	Cetn3	NM_007684	386711	0	0	0
156	Socs3	NM_007707	20097	0	0	0
157	Col4a4	NM_007735	58666	0	0	1
158	Cycs	NM_007808	20650	0	0	0
159	Reep5	NM_007874	10529	0	0	1
160	S1pr1	NM_007901	58191	0	0	0
161	Edn2	NM_007902	50676	0	0	0
162	Edn3	NM_007903	140931	0	0	0
163	Edn3	NM_007903	-58540	0	0	1
164	Ednrb	NM_007904	65398	0	0	0
165	Ednrb	NM_007904	65365	0	0	0
166	Enpep	NM_007934	45351	0	0	1
167	Epha8	NM_007939	-8361	0	0	0
168	F8a	NM_007978	28	1	1	0
169	Fgf2	NM_008006	-5430	0	0	0
170	Fosl2	NM_008037	7033	0	0	1
171	Gapdh	NM_008084	-10095	0	0	1
172	Gata1	NM_008089	-3660	0	0	0
173	Mtpn	NM_008098	36189	0	0	0
174	Gnat2	NM_008141	-22	1	0	0
175	Gnrh1	NM_008145	64505	0	0	1
176	Gpr65	NM_008152	47618	0	0	0
177	Grid1	NM_008166	9849	0	0	1
178	Hccs	NM_008222	142	1	1	0
179	Hsd17b3	NM_008291	94910	0	0	0
180	Irf8	NM_008320	11044	0	0	1
181	Itgal	NM_008400	184	1	1	0
182	Kcnu1	NM_008432	60524	0	0	1
183	Lamb1	NM_008482	37426	0	0	1
184	Sh2b3	NM_008507	7758	0	1	0
185	Sh2b3	NM_008507	7742	0	1	0
186	Lyl1	NM_008535	5344	0	0	0
187	Mitf	NM_008601	22013	0	1	0
188	Mitf	NM_008601	21952	0	1	0
189	Myom2	NM_008664	468270	0	0	0
190	Nat1	NM_008673	-125304	0	0	0
191	Ngp	NM_008694	20881	0	0	1
192	Mycn	NM_008709	272076	0	0	0
193	Notch1	NM_008714	-22666	0	0	0
194	Nrtn	NM_008738	4195	0	0	1
195	Tnfrsf11b	NM_008764	25670	0	0	1
196	Pdgfa	NM_008808	16349	0	0	1
197	Plg	NM_008877	40190	0	0	1
198	Pipox	NM_008952	-3468	0	0	0
199	Pten	NM_008960	147157	0	0	0
200	Ptgir	NM_008967	3488	0	1	0
201	Ptma	NM_008972	-45391	0	0	0
202	Ptp4a3	NM_008975	7388	0	1	0
203	Nectin2	NM_008990	5121	0	0	1
204	Rxrg	NM_009107	8948	0	0	1
205	Slc12a2	NM_009194	61484	0	1	0
206	Sst	NM_009215	-10954	0	0	0
207	Stag1	NM_009282	-23953	0	0	0
208	Svs5	NM_009301	1530	0	1	0
209	Thrb	NM_009380	103439	0	0	0
210	Usp9x	NM_009481	64	1	1	0
211	Vamp3	NM_009498	-86178	0	1	0
212	Wnt5b	NM_009525	12677	0	0	1
213	Xrcc1	NM_009532	690	1	1	0
214	Xrcc1	NM_009532	681	1	1	0
215	Xrcc5	NM_009533	72520	0	0	1
216	Xrcc5	NM_009533	72504	0	0	1
217	Car2	NM_009801	1659	0	0	1
218	Noct	NM_009834	23442	0	1	0
219	Entpd1	NM_009848	3961	0	0	1
220	Cd83	NM_009856	85907	0	0	0
221	Cdh4	NM_009867	76184	0	0	1
222	Cox4i1	NM_009941	3549	0	0	1
223	Igf2bp1	NM_009951	17346	0	0	1
224	Igf2bp1	NM_009951	17305	0	0	1
225	Cyp46a1	NM_010010	34677	0	0	0
226	Dct	NM_010024	147845	0	0	1
227	Dvl1	NM_010091	7085	0	0	1
228	S1pr3	NM_010101	-15645	0	0	0
229	S1pr4	NM_010102	869	1	1	0
230	Efnb1	NM_010110	1348	0	0	1
231	Efnb1	NM_010110	1343	0	0	1
232	Ephb2	NM_010142	5815	0	0	1
233	Fut9	NM_010243	130607	0	0	1
234	Fzd9	NM_010246	-7473	0	0	0
235	Fzd9	NM_010246	-7484	0	0	0
236	Gdnf	NM_010275	-7641	0	0	0
237	Gfra1	NM_010279	65524	0	0	1
238	Ggta1	NM_010283	24612	0	0	1
239	Emb	NM_010330	-43360	0	0	0
240	Gsr	NM_010344	13095	0	0	1
241	Gsc	NM_010351	-94647	0	0	0
242	Hdac6	NM_010413	572	1	0	1
243	Hmx1	NM_010445	-12685	0	0	0
244	Hoxa2	NM_010451	-3963	0	0	0
245	Hoxa2	NM_010451	-3933	0	0	0
246	Hoxa2	NM_010451	-3943	0	0	0
247	Hoxa2	NM_010451	-3985	0	0	0
248	Hoxa2	NM_010451	-3939	0	0	0
249	Hrc	NM_010473	6626	0	0	1
250	Slc6a4	NM_010484	-23421	0	0	1
251	Ihh	NM_010544	3244	0	1	0
252	Kap	NM_010594	15227	0	0	0
253	Krt18	NM_010664	1297	0	1	0
254	Lef1	NM_010703	-74369	0	0	0
255	Lmo4	NM_010723	-85210	0	0	0
256	Mpdz	NM_010820	264902	0	0	0
257	Ncf1	NM_010876	3950	0	1	0
258	Neurog1	NM_010896	29623	0	0	0
259	P2rx4	NM_011026	26564	0	1	0
260	Phf2	NM_011078	38817	0	1	0
261	Plaur	NM_011113	4331	0	0	1
262	Pon1	NM_011134	99270	0	0	1
263	Prep	NM_011156	29200	0	0	1
264	Rasgrp1	NM_011246	-95270	0	0	0
265	Sub1	NM_011294	-43535	0	0	0
266	Ccl3	NM_011337	1055	0	1	0
267	Spi1	NM_011355	350	1	0	1
268	St6galnac4	NM_011373	720	1	0	1
269	Slit3	NM_011412	195713	0	0	1
270	Sstr5	NM_011425	8705	0	0	0
271	Snai1	NM_011427	24020	0	0	0
272	Sod3	NM_011435	19204	0	0	1
273	Sox14	NM_011440	820	1	1	0
274	Spink4	NM_011463	-11133	0	0	0
275	Tbxas1	NM_011539	51893	0	0	1
276	Thbs1	NM_011580	1473	0	1	0
277	Thbs2	NM_011581	53398	0	0	0
278	Cd40	NM_011611	10102	0	0	1
279	Plscr1	NM_011636	3477	0	0	1
280	Tsn	NM_011650	237803	0	0	0
281	Usp12	NM_011669	11849	0	0	1
282	Dctn6	NM_011722	13497	0	0	1
283	Dctn6	NM_011722	13498	0	0	1
284	Esyt1	NM_011843	-993	1	0	0
285	Spry1	NM_011896	3000	0	1	0
286	Spry4	NM_011898	-42521	0	0	0
287	Psmb3	NM_011971	15382	0	1	0
288	Gprin1	NM_012014	-2702	0	0	0
289	Arhgef28	NM_012026	33901	0	0	1
290	Gnb4	NM_013531	-39942	0	0	0
291	Lifr	NM_013584	10302	0	0	1
292	Odf2	NM_013615	3485	0	1	1
293	Srsf3	NM_013663	-7441	0	0	0
294	Tcte1	NM_013688	-5564	0	0	1
295	Klf10	NM_013692	-71952	0	0	0
296	Fgd2	NM_013710	37972	0	0	0
297	Nrk	NM_013724	-74	1	0	0
298	Rasal1	NM_013832	-5072	0	0	0
299	Spdef	NM_013891	10357	0	0	1
300	Apln	NM_013912	1290	0	0	1
301	Dlc1	NM_015802	51233	0	0	0
302	Smad3	NM_016769	17635	0	0	1
303	Ech1	NM_016772	2748	0	0	1
304	Chst3	NM_016803	35568	0	1	0
305	Ppp1r3c	NM_016854	20286	0	0	0
306	Sept9	NM_017380	-18914	0	0	1
307	Rab11a	NM_017382	64414	0	0	1
308	Zfp326	NM_018759	101851	0	0	0
309	Dfna5	NM_018769	-16499	0	0	0
310	Bri3	NM_018772	3060	0	0	1
311	Bri3	NM_018772	3110	0	0	1
312	Ubqln2	NM_018798	129	1	1	0
313	Sgsh	NM_018822	4449	0	0	1
314	Sh2b2	NM_018825	-43562	0	0	1
315	Rplp1	NM_018853	208123	0	0	0
316	Pebp1	NM_018858	56377	0	0	1
317	Pdyn	NM_018863	1567	0	1	0
318	Epb41l4b	NM_019427	59950	0	0	1
319	Epb41l4b	NM_019427	59814	0	0	1
320	Panx1	NM_019482	37782	0	1	0
321	Ammecr1	NM_019496	360	1	1	0
322	Ammecr1	NM_019496	513	1	1	0
323	Uchl5	NM_019562	84	1	1	0
324	Uchl5	NM_019562	77	1	1	0
325	Uchl5	NM_019562	97	1	1	0
326	Uchl5	NM_019562	102	1	1	0
327	Uchl5	NM_019562	86	1	1	0
328	Fscn3	NM_019569	-1339	0	0	0
329	Rev1	NM_019570	-265662	0	0	1
330	Scamp4	NM_019575	3750	0	1	1
331	Scamp4	NM_019575	3770	0	1	1
332	Scamp4	NM_019575	3788	0	1	1
333	Scamp4	NM_019575	3758	0	1	1
334	Scamp4	NM_019575	3760	0	1	1
335	Scamp4	NM_019575	3752	0	1	1
336	Rybp	NM_019743	-98477	0	0	0
337	Ikbke	NM_019777	4259	0	0	1
338	Pex14	NM_019781	24626	0	0	1
339	Tbk1	NM_019786	-4376	0	0	1
340	Dnaja2	NM_019794	-45005	0	0	0
341	B4galt5	NM_019835	-23151	0	0	0
342	Gpr132	NM_019925	-5682	0	0	0
343	Pdgfc	NM_019971	21904	0	0	1
344	Litaf	NM_019980	-5082	0	0	0
345	B3galt2	NM_020025	-1137945	0	0	0
346	Zbtb33	NM_020256	-9715	0	0	0
347	Xpo4	NM_020506	-31150	0	0	1
348	Kit	NM_021099	3950	0	0	1
349	Fabp7	NM_021272	-57073	0	0	1
350	Caln1	NM_021371	293537	0	0	1
351	Shank3	NM_021423	23856	0	0	1
352	Rnf32	NM_021470	-10611	0	0	0
353	Arhgap23	NM_021493	50280	0	1	0
354	Oca2	NM_021879	123638	0	0	1
355	Zfp296	NM_022409	3504	0	0	0
356	Slc13a2	NM_022411	-1181	0	0	0
357	Ptges	NM_022415	-17089	0	0	0
358	Pmepa1	NM_022995	-2666	0	0	0
359	Npc2	NM_023409	12432	0	0	1
360	Cad	NM_023525	12287	0	1	0
361	Muc2	NM_023566	-1968	0	0	0
362	Ssbp3	NM_023672	-30118	0	0	0
363	Pi16	NM_023734	3909	0	0	1
364	Etv5	NM_023794	-1258	0	0	0
365	1500015O10Rik	NM_024283	-40734	0	0	0
366	Ppp3r1	NM_024459	-4411	0	0	0
367	Col26a1	NM_024474	79803	0	0	1
368	Arl4d	NM_025404	31341	0	0	0
369	1700020L24Rik	NM_025492	5140	0	1	0
370	Gmpr	NM_025508	113418	0	0	1
371	Gmpr	NM_025508	38781	0	1	0
372	Gmpr	NM_025508	38573	0	1	0
373	Commd5	NM_025536	-9171	0	1	0
374	Fam136a	NM_025591	-21561	0	0	0
375	Cul7	NM_025611	7100	0	0	1
376	Zwint	NM_025635	50062	0	0	0
377	Rpe	NM_025683	-41215	0	0	1
378	Plbd1	NM_025806	-59194	0	0	1
379	Proz	NM_025834	836	1	0	1
380	Tmem261	NM_025849	-1011286	0	0	1
381	Fam210b	NM_025912	9381	0	1	0
382	Srfbp1	NM_026040	19	1	1	0
383	Srfbp1	NM_026040	51	1	1	0
384	Srfbp1	NM_026040	10	1	1	0
385	Gemin6	NM_026053	30987	0	0	1
386	Gemin6	NM_026053	30991	0	0	1
387	Fam132a	NM_026125	6567	0	0	0
388	Tmed9	NM_026211	2185	0	0	1
389	Armc12	NM_026290	-6743	0	0	0
390	Armc12	NM_026290	8083	0	1	0
391	Rnf125	NM_026301	24165	0	0	1
392	Pop5	NM_026398	-612	1	0	0
393	Saraf	NM_026432	162460	0	0	0
394	Etaa1	NM_026576	-244283	0	0	0
395	Zdhhc21	NM_026647	173562	0	0	0
396	Mocos	NM_026779	13472	0	0	1
397	Xrcc6bp1	NM_026858	209623	0	0	0
398	Xrcc6bp1	NM_026858	11625	0	0	1
399	Med27	NM_026896	135150	0	0	1
400	1700008P02Rik	NM_027048	-200809	0	0	0
401	Mllt3	NM_027326	49499	0	0	1
402	Ddo	NM_027442	-241	1	0	0
403	Armc9	NM_027456	74114	0	0	1
404	Cpm	NM_027468	29332	0	0	1
405	Cpm	NM_027468	9813	0	0	1
406	Ecd	NM_027475	19413	0	1	0
407	4933405L10Rik	NM_027655	19387	0	0	1
408	Hsfy2	NM_027661	-44388	0	0	0
409	Rassf8	NM_027760	8896	0	1	0
410	Dhrs2	NM_027790	-52309	0	0	0
411	Ddi1	NM_027942	-184893	0	0	0
412	Cfap45	NM_027972	8786	0	1	0
413	Cnn3	NM_028044	-47318	0	0	0
414	Trmu	NM_028063	68503	0	0	1
415	Pygo1	NM_028116	-23992	0	0	1
416	Pygo1	NM_028116	-23430	0	0	1
417	Adpgk	NM_028121	-97318	0	0	0
418	1700021F07Rik	NM_028158	2183	0	0	1
419	Plxdc1	NM_028199	31664	0	1	0
420	Col16a1	NM_028266	20660	0	1	0
421	Ttc9b	NM_028417	9335	0	1	0
422	Prss52	NM_028525	80082	0	0	1
423	Smap1	NM_028534	2997	0	0	1
424	Rbm19	NM_028762	2303	0	1	0
425	Sash3	NM_028773	-6322	0	0	0
426	1700017B05Rik	NM_028820	8715	0	1	0
427	Snx19	NM_028874	10152	0	1	0
428	Tc2n	NM_028924	31858	0	0	1
429	Zfp558	NM_028935	10212	0	0	1
430	Morn3	NM_029112	10012	0	0	0
431	Dynlrb2	NM_029297	-185354	0	0	0
432	Pbp2	NM_029595	20788	0	0	0
433	Lhpp	NM_029609	39243	0	0	1
434	Dok5	NM_029761	-35316	0	0	0
435	Lrg1	NM_029796	1711	0	1	0
436	Mmab	NM_029956	8089	0	0	1
437	4930562C15Rik	NM_030192	-14290	0	0	0
438	Tusc3	NM_030254	-68351	0	0	0
439	Nbea	NM_030595	-97938	0	0	0
440	Fgf16	NM_030614	545	1	0	1
441	Fgf16	NM_030614	554	1	0	1
442	Nr5a2	NM_030676	-222234	0	0	0
443	Tfec	NM_031198	101396	0	0	0
444	D1Pas1	NM_033077	-43080	0	0	0
445	Spred2	NM_033523	40974	0	0	1
446	Cnnm2	NM_033569	32726	0	0	1
447	Cnnm2	NM_033569	32740	0	0	1
448	Lmx1a	NM_033652	222045	0	0	0
449	Lrp1b	NM_053011	-20599	0	0	0
450	Slc15a1	NM_053079	18375	0	0	1
451	Klhl1	NM_053105	798	1	1	0
452	Cdk20	NM_053180	-11002	0	0	0
453	Foxp2	NM_053242	-45203	0	0	0
454	Srgap3	NM_080448	112772	0	0	1
455	Tshz2	NM_080455	149306	0	0	1
456	Emid1	NM_080595	-33754	0	0	0
457	Nobox	NM_130869	-750	1	0	0
458	Otud7a	NM_130880	87060	0	0	1
459	Steap3	NM_133186	1379	0	0	1
460	Errfi1	NM_133753	23644	0	0	0
461	Pxn	NM_133915	8818	0	0	1
462	Mlxip	NM_133917	-22535	0	1	0
463	Usb1	NM_133954	8981	0	0	1
464	Cmtm7	NM_133978	-13567	0	0	1
465	Cd276	NM_133983	3501	0	1	0
466	Kctd1	NM_134112	-24568	0	0	0
467	Actn1	NM_134156	52400	0	0	1
468	Otud5	NM_138604	614	1	1	0
469	Atp12a	NM_138652	-49516	0	0	0
470	Socs7	NM_138657	41617	0	0	0
471	Wdr81	NM_138950	5127	0	0	1
472	Galnt2	NM_139272	46826	0	0	1
473	Galnt2	NM_139272	46798	0	0	1
474	Trib2	NM_144551	-369353	0	0	0
475	Tmem45b	NM_144936	-119586	0	0	0
476	Spsb4	NM_145134	62080	0	0	1
477	Spsb4	NM_145134	62057	0	0	1
478	Mgl2	NM_145137	9210	0	0	0
479	Wasf3	NM_145155	731	1	0	1
480	Slc25a28	NM_145156	2391	0	0	1
481	Btbd2	NM_145361	-190	1	0	0
482	Wfdc5	NM_145369	-311	1	0	0
483	Abhd17a	NM_145421	6308	0	1	0
484	Stk24	NM_145465	144118	0	1	0
485	Tbc1d22a	NM_145476	7575	0	0	1
486	Setd4	NM_145482	14300	0	0	1
487	Sbk1	NM_145587	19829	0	1	0
488	Sbk1	NM_145587	19855	0	1	0
489	Sbk1	NM_145587	19957	0	1	0
490	Sbk1	NM_145587	19843	0	1	0
491	Sbk1	NM_145587	19816	0	1	0
492	Sbk1	NM_145587	19625	0	1	0
493	Sbk1	NM_145587	20107	0	1	0
494	Sbk1	NM_145587	19862	0	1	0
495	Il17d	NM_145837	21545	0	0	0
496	Evc2	NM_145920	80860	0	0	1
497	Arhgap9	NM_146011	3228	0	1	0
498	Lrrc3b	NM_146052	-121192	0	0	0
499	Prr5	NM_146061	-26888	0	0	0
500	Nrros	NM_146069	21394	0	1	0
501	Tmem119	NM_146162	-5121	0	0	0
502	Slc5a11	NM_146198	-14941	0	0	0
503	Olfr1370	NM_146535	18591	0	0	0
504	Olfr1370	NM_146535	18434	0	0	0
505	Olfr340	NM_146951	10979	0	0	0
506	Dicer1	NM_148948	-9577	0	0	0
507	Slc44a2	NM_152808	730	1	0	1
508	Cdc5l	NM_152810	76945	0	0	0
509	Mkl1	NM_153049	-37294	0	0	1
510	Prss42	NM_153099	-15476	0	0	0
511	Padi6	NM_153106	20389	0	1	0
512	Gpr156	NM_153394	-16423	0	0	0
513	Mical3	NM_153396	16788	0	0	1
514	Mical3	NM_153396	16844	0	0	1
515	Mical3	NM_153396	-22164	0	0	1
516	Mical3	NM_153396	-6381	0	0	1
517	Syne1	NM_153399	4614	0	0	1
518	Ago1	NM_153403	12680	0	0	1
519	Phldb1	NM_153537	26830	0	0	1
520	Mboat1	NM_153546	45414	0	0	1
521	Nars2	NM_153591	-43437	0	1	0
522	Scarf2	NM_153790	6506	0	1	0
523	Plcg2	NM_172285	29950	0	0	1
524	Tmem125	NM_172383	-11006	0	1	0
525	Smndc1	NM_172429	-14340	0	0	0
526	Prrt3	NM_172487	6510	0	1	0
527	Cobl	NM_172496	-291584	0	0	0
528	Cobl	NM_172496	-313535	0	0	0
529	Nhlrc3	NM_172501	10689	0	1	0
530	Scara3	NM_172604	45733	0	0	0
531	Dpcd	NM_172639	32503	0	0	1
532	Fam221a	NM_172727	10710	0	1	0
533	Dera	NM_172733	9987	0	0	1
534	Slc22a29	NM_172776	-67197	0	0	0
535	Sh3rf3	NM_172788	-3675	0	0	0
536	Sdk2	NM_172800	117001	0	0	1
537	Nyap2	NM_172849	292801	0	0	0
538	Ttc34	NM_172878	-81938	0	0	0
539	D8Ertd82e	NM_172911	9109	0	1	0
540	D8Ertd82e	NM_172911	-75672	0	0	0
541	D8Ertd82e	NM_172911	-75698	0	0	0
542	Abcc12	NM_172912	334466	0	0	0
543	Rbbp8nl	NM_173031	217	1	0	1
544	Tbcel	NM_173038	15582	0	0	1
545	Speer2	NM_173069	947730	0	0	0
546	Fam110b	NM_173426	119068	0	0	1
547	Fam110b	NM_173426	119078	0	0	1
548	Nrip1	NM_173440	-165451	0	0	0
549	Nrip1	NM_173440	-306924	0	0	0
550	Lgalsl	NM_173752	1953	0	0	1
551	Mamdc2	NM_174857	45819	0	0	1
552	Mgst2	NM_174995	181020	0	0	1
553	Mdfic	NM_175088	344329	0	0	0
554	Tnks	NM_175091	-110617	0	0	0
555	Stbd1	NM_175096	-3827	0	0	0
556	Vars2	NM_175137	1768	0	1	0
557	Chst8	NM_175140	191	1	1	0
558	Mast4	NM_175171	194277	0	1	0
559	Amer1	NM_175179	53	1	1	0
560	Lysmd4	NM_175215	-22745	0	0	0
561	Lysmd4	NM_175215	-22729	0	0	0
562	Ano6	NM_175344	39280	0	0	1
563	Ano6	NM_175344	39279	0	0	1
564	Ano6	NM_175344	39314	0	0	1
565	Ldhal6b	NM_175349	100030	0	1	0
566	Rbm15b	NM_175402	1582	0	1	0
567	Atp6v0d2	NM_175406	11980	0	1	0
568	Wdr18	NM_175450	-11581	0	0	1
569	Kcnt1	NM_175462	28983	0	0	1
570	Arhgap20	NM_175535	4158	0	0	1
571	Wdfy2	NM_175546	67667	0	0	1
572	Hist1h2ba	NM_175663	2813	0	0	0
573	Dusp4	NM_176933	-79760	0	0	0
574	6430573F11Rik	NM_176952	-112793	0	0	0
575	Sp8	NM_177082	-9789	0	0	0
576	Cep95	NM_177088	29190	0	0	1
577	Rinl	NM_177158	7193	0	1	0
578	Kndc1	NM_177261	-19775	0	0	1
579	Kndc1	NM_177261	-19782	0	0	1
580	Dmrt3	NM_177360	13460	0	0	0
581	Dars	NM_177445	-39659	0	0	0
582	Slfnl1	NM_177570	-15333	0	1	0
583	Slfnl1	NM_177570	-15383	0	0	1
584	Psd4	NM_177611	1133	0	0	1
585	Fam43a	NM_177632	28833	0	0	1
586	Vgll4	NM_177683	-8392	0	0	0
587	Ppp1r3b	NM_177741	-118732	0	0	0
588	Cnksr2	NM_177751	-108	1	0	0
589	Lhfpl4	NM_177763	1394	0	1	0
590	Prex1	NM_177782	65032	0	0	1
591	Cpa6	NM_177834	89414	0	0	1
592	Pigk	NM_178016	-7784	0	0	0
593	Trim62	NM_178110	23308	0	0	1
594	Tcfl5	NM_178254	-16795	0	1	0
595	Uvrag	NM_178635	83688	0	0	1
596	Sccpdh	NM_178653	41145	0	0	0
597	Zfp365	NM_178679	3148	0	1	0
598	Zfp438	NM_178722	-93827	0	0	0
599	Ppm1l	NM_178726	6275	0	0	1
600	Bcorl1	NM_178782	3569	0	0	1
601	Trim65	NM_178802	1060	0	0	1
602	Gins2	NM_178856	16368	0	1	0
603	Gorab	NM_178883	-154977	0	0	0
604	Adm2	NM_182928	-1416	0	0	0
605	A430033K04Rik	NM_183025	24495	0	1	0
606	Elfn2	NM_183141	46118	0	1	0
607	Zfp598	NM_183149	9321	0	1	0
608	Usp44	NM_183199	-68167	0	0	0
609	Slc12a1	NM_183354	-1544	0	0	0
610	Qrfp	NM_183424	-13179	0	0	1
611	Foxo6	NM_194060	20060	0	1	0
612	Foxo6	NM_194060	20067	0	1	0
613	Foxo6	NM_194060	20057	0	1	0
614	Foxo6	NM_194060	20062	0	1	0
615	Bms1	NM_194339	68977	0	0	0
616	Tbx3	NM_198052	-17014	0	0	0
617	Tanc1	NM_198294	64227	0	0	1
618	Cdh26	NM_198656	236439	0	0	0
619	Bckdhb	NM_199195	102577	0	0	1
620	Plec	NM_201394	3570	0	0	1
621	Chrm2	NM_203491	-97990	0	0	0
622	Acap3	NM_207223	14313	0	1	0
623	Man1c1	NM_207237	70737	0	0	1
624	Fam53b	NM_212473	7970	0	0	1
625	Vmn2r-ps11	NR_003962	31509	0	0	1
626	Vmn2r-ps11	NR_003962	31513	0	0	1
627	B430010I23Rik	NR_015457	-31838	0	1	0
628	1700108F19Rik	NR_015485	-2528	0	0	0
629	A530013C23Rik	NR_015500	117843	0	0	0
630	4933432I09Rik	NR_015575	-8588	0	1	0
631	4932435O22Rik	NR_027643	17840	0	0	1
632	2900060B14Rik	NR_027901	-66106	0	1	0
633	4931440P22Rik	NR_027955	-51101	0	0	0
634	1700020N01Rik	NR_027968	-98673	0	0	0
635	Fance	NR_028297	-15125	0	1	0
636	4930503E24Rik	NR_028310	83263	0	0	0
637	Gm2176	NR_028424	-69324	0	0	1
638	4930584F24Rik	NR_029445	154619	0	0	0
639	A530088E08Rik	NR_029458	-6440	0	1	0
640	Mir30a	NR_029533	-18078	0	0	0
641	Mir122	NR_029600	-70772	0	0	1
642	Mir101b	NR_029778	34480	0	0	0
643	Mir218-2	NR_029799	15262	0	0	1
644	Mir302b	NR_030403	-86018	0	0	0
645	Mir721	NR_030500	-20597	0	0	1
646	Mir568	NR_030576	-63014	0	1	0
647	A930011G23Rik	NR_030692	101919	0	0	1
648	A930011G23Rik	NR_030692	101962	0	0	1
649	Gm833	NR_033138	-50296	0	0	0
650	4931406H21Rik	NR_033492	47227	0	0	1
651	Wiz	NR_033525	-2984	0	1	0
652	Gm14812	NR_033544	9870	0	0	1
653	Rbm3os	NR_033561	-1175	0	0	1
654	Spn-ps	NR_033583	-22665	0	0	0
655	Mir1929	NR_035450	22190	0	0	0
656	Mir1930	NR_035451	-6262	0	0	1
657	Mir1971	NR_035499	-47875	0	0	0
658	Mir1982	NR_035503	6628	0	1	0
659	6030440G07Rik	NR_036598	-966	1	0	0
660	Mir3108	NR_037295	-35908	0	0	1
661	Mir3110	NR_037297	60179	0	0	0
662	E030025P04Rik	NR_037978	-49240	0	0	0
663	E030025P04Rik	NR_037978	75308	0	0	0
664	Gm20268	NR_037989	113601	0	0	0
665	1700042G15Rik	NR_038179	25138	0	0	0
666	1700042G15Rik	NR_038179	25278	0	0	0
667	9330179D12Rik	NR_040274	-19612	0	1	0
668	5730403I07Rik	NR_040378	-27999	0	0	0
669	1700047G03Rik	NR_040447	-16578	0	0	0
670	1810053B23Rik	NR_040486	202772	0	0	0
671	1700080N15Rik	NR_040500	122634	0	0	0
672	1700003L19Rik	NR_040507	111223	0	0	0
673	1700028P15Rik	NR_040509	-26028	0	0	0
674	1700028P15Rik	NR_040509	89619	0	0	0
675	1700036G14Rik	NR_040542	-142558	0	0	0
676	4930455H04Rik	NR_040596	-6261	0	0	1
677	A930019D19Rik	NR_040619	20292	0	0	1
678	4933438B17Rik	NR_040685	-713245	0	0	0
679	B930018H19Rik	NR_040706	17987	0	0	1
680	B930018H19Rik	NR_040706	232532	0	0	0
681	4933432G23Rik	NR_040716	-33390	0	0	0
682	Gm5122	NR_040767	-1432	0	0	0
683	1700057H15Rik	NR_040774	265041	0	0	0
684	E030019B13Rik	NR_045082	459	1	1	0
685	Gm19689	NR_045094	645172	0	0	0
686	4933427I22Rik	NR_045160	6116	0	1	1
687	Gm8633	NR_045179	-134797	0	0	0
688	B230214G05Rik	NR_045281	66072	0	0	0
689	4921531P14Rik	NR_045361	39962	0	0	0
690	A530050N04Rik	NR_045419	2071	0	0	1
691	4930452A19Rik	NR_045433	49526	0	0	0
692	B630019K06Rik	NR_045448	274	1	1	0
693	4933433H22Rik	NR_045458	-93042	0	0	0
694	4933433H22Rik	NR_045458	50601	0	0	0
695	4930548J01Rik	NR_045462	-121341	0	0	0
696	1700029N11Rik	NR_045489	111250	0	0	0
697	4921511C10Rik	NR_045502	-8353	0	0	0
698	I730028E13Rik	NR_045705	-6444	0	0	0
699	Gm20745	NR_045745	-223374	0	0	0
700	A530072M11Rik	NR_045765	531262	0	0	0
701	A430090L17Rik	NR_045836	170792	0	0	1
702	5430440P10Rik	NR_045859	-78991	0	0	0
703	1700128A07Rik	NR_045938	135661	0	0	0
704	4930432J09Rik	NR_045953	73304	0	0	0
705	4930432J09Rik	NR_045953	73256	0	0	0
706	1700003P14Rik	NR_045982	-45875	0	0	0
707	1700003P14Rik	NR_045982	-45866	0	0	0
708	Gm11186	NR_046047	76279	0	0	1
709	Gm10677	NR_046048	-82456	0	0	0
710	Gm10677	NR_046048	-82431	0	0	0
711	D730050B12Rik	NR_046196	-44331	0	0	0
712	D730050B12Rik	NR_046196	-57299	0	0	0
713	Rn45s	NR_046233	557	1	1	0
714	Rn45s	NR_046233	1619	0	1	0
715	Rn45s	NR_046233	375	1	1	0
716	A930016O22Rik	NR_073015	-4810	0	1	0
717	2610027K06Rik	NR_077059	21670	0	0	1
718	D830026I12Rik	NR_102305	-28704	0	0	0
