	name	feature.name	dist.to.feature	prom	exon	intron
1	Panx2	NM_001002005	7957	0	1	0
2	Rpl17	NM_001002239	249	1	0	1
3	Crtc1	NM_001004062	-13091	0	1	0
4	Cxxc4	NM_001004367	-221749	0	0	0
5	Ado	NM_001005419	-117946	0	0	0
6	Unc13d	NM_001009573	14277	0	1	0
7	Zfp708	NM_001012448	4140	0	0	1
8	Fut10	NM_001012517	32002	0	0	1
9	E2f8	NM_001013368	-646	1	0	0
10	Zfp930	NM_001013379	-32412	0	0	0
11	Dync1li2	NM_001013380	254	1	1	0
12	Maml2	NM_001013813	-58969	0	0	0
13	Dyrk2	NM_001014390	527	1	0	1
14	Dppa4	NM_001018002	734	1	0	1
15	Mctp2	NM_001024703	849947	0	0	0
16	Mctp2	NM_001024703	849927	0	0	0
17	Kcnc2	NM_001025581	177915	0	0	1
18	Vrk1	NM_001029844	174655	0	0	0
19	Bbs1	NM_001033128	-8995	0	0	1
20	Fbxo33	NM_001033156	-212055	0	0	0
21	Fbxo33	NM_001033156	-301351	0	0	0
22	Gtf3c3	NM_001033194	-50186	0	0	1
23	Qrich2	NM_001033267	391	1	0	1
24	Spata13	NM_001033272	-47544	0	0	0
25	Shb	NM_001033306	23551	0	0	1
26	Lrrc30	NM_001033340	132442	0	0	0
27	Lrrc30	NM_001033340	80295	0	0	0
28	Cdc42bpg	NM_001033342	442	1	0	1
29	Ccdc27	NM_001033455	-21723	0	1	0
30	Limk2	NM_001034030	2811	0	1	1
31	Atp11c	NM_001037863	160	1	1	0
32	Cldn19	NM_001038590	1646	0	0	1
33	Glrx2	NM_001038594	13575	0	1	0
34	Triobp	NM_001039156	3410	0	0	1
35	Mex3c	NM_001039214	-136479	0	0	0
36	Mex3c	NM_001039214	29286	0	0	0
37	Edem3	NM_001039644	124517	0	0	0
38	Nynrin	NM_001040072	10189	0	1	0
39	Med15	NM_001040683	-3919	0	0	0
40	Txnrd1	NM_001042523	-3723	0	0	0
41	Bdnf	NM_001048139	564	1	0	1
42	Sdhaf3	NM_001077713	55838	0	0	1
43	Hdx	NM_001080549	-197811	0	0	0
44	Gtf2i	NM_001080749	17968	0	0	1
45	Rapgefl1	NM_001080925	-6526	0	0	1
46	Ptpn23	NM_001081043	-5126	0	0	0
47	Trappc10	NM_001081055	-100	1	0	0
48	Aunip	NM_001081099	-4034	0	1	0
49	Prickle2	NM_001081146	-22893	0	0	0
50	Npat	NM_001081152	-157	1	0	0
51	Lama5	NM_001081171	20876	0	0	1
52	Lama5	NM_001081171	1392	0	0	1
53	L1td1	NM_001081202	-13069	0	0	1
54	L1td1	NM_001081202	29674	0	1	0
55	Fam186b	NM_001081254	7848	0	1	0
56	Tmem28	NM_001081283	-969	1	0	0
57	Rimbp2	NM_001081388	107060	0	0	1
58	Camta1	NM_001081557	391925	0	0	1
59	Camta1	NM_001081557	299325	0	0	1
60	Camta1	NM_001081557	296102	0	0	1
61	Dytn	NM_001081658	81629	0	0	0
62	Lhx6	NM_001083127	6459	0	0	1
63	Ptchd2	NM_001083342	31147	0	1	0
64	Xirp2	NM_001083919	-45971	0	0	0
65	1600014C10Rik	NM_001085385	-11407	0	0	0
66	Pramef6	NM_001085414	18295	0	0	0
67	Gm436	NM_001085504	25001	0	0	0
68	Gm436	NM_001085504	9542	0	0	1
69	Myadm	NM_001093766	4114	0	1	0
70	Kif26a	NM_001097621	31671	0	1	0
71	Nr1i2	NM_001098404	89311	0	0	1
72	Tox2	NM_001098799	-36789	0	0	0
73	Ptrh2	NM_001098810	14075	0	0	1
74	Tekt5	NM_001099275	10031	0	0	1
75	Ajap1	NM_001099299	20682	0	0	1
76	Ajap1	NM_001099299	538	1	1	0
77	Myof	NM_001099634	57753	0	0	1
78	Gsg1l	NM_001101488	122201	0	0	1
79	Stx16	NM_001102423	-89126	0	0	0
80	Skor2	NM_001109743	15871	0	0	1
81	Apold1	NM_001109914	-18664	0	0	0
82	Banp	NM_001110100	123690	0	0	0
83	Keap1	NM_001110305	11284	0	0	0
84	Sprtn	NM_001111141	14853	0	0	1
85	Synj2	NM_001113351	-16202	0	0	1
86	Shank2	NM_001113373	-42525	0	0	1
87	Lrrc32	NM_001113379	-10653	0	0	0
88	Sept9	NM_001113487	-1439	0	0	1
89	Sox5	NM_001113559	159386	0	0	1
90	Mtcl1	NM_001114098	107975	0	0	1
91	Plcl1	NM_001114663	91893	0	0	1
92	Tfap2a	NM_001122948	20216	0	0	0
93	Sema4c	NM_001126047	-11465	0	0	1
94	Snx10	NM_001127348	9585	0	0	1
95	Psen2	NM_001128605	-7300	0	0	0
96	Jade1	NM_001130186	19561	0	0	1
97	Nucb2	NM_001130479	79928	0	0	0
98	Nucb2	NM_001130479	139584	0	0	0
99	Prr23a1	NM_001134660	-11175	0	0	0
100	CK137956	NM_001134733	211781	0	0	0
101	CK137956	NM_001134733	211788	0	0	0
102	Ppp2r5c	NM_001135001	-73685	0	0	0
103	3110062M04Rik	NM_001135611	-39	1	0	0
104	H2-Q4	NM_001143689	-60	1	0	0
105	Arhgap40	NM_001145015	38076	0	0	0
106	Arhgef33	NM_001145452	15241	0	0	1
107	C5ar2	NM_001146005	4256	0	0	1
108	C5ar2	NM_001146005	4288	0	0	1
109	C5ar2	NM_001146005	4257	0	0	1
110	Hk1	NM_001146100	10535	0	0	1
111	Smoc1	NM_001146217	276	1	1	0
112	Sh3rf2	NM_001146299	13367	0	0	1
113	Ces3b	NM_001159415	15504	0	0	0
114	H2afy	NM_001159514	18354	0	0	1
115	Tfap2c	NM_001159696	188033	0	0	0
116	Klhdc7b	NM_001160178	-3798	0	0	0
117	Ppp2r3a	NM_001161362	-365657	0	0	0
118	Fscb	NM_001163271	1066116	0	0	0
119	Clrn2	NM_001163317	9703	0	0	1
120	Snx11	NM_001163389	102174	0	0	1
121	Ntf3	NM_001164035	22491	0	0	1
122	Mb	NM_001164048	23733	0	0	0
123	Amigo2	NM_001164602	-137128	0	1	0
124	Robo3	NM_001164767	-27387	0	0	0
125	Slc38a1	NM_001166458	-15181	0	0	0
126	Slc39a11	NM_001166503	169136	0	0	1
127	Ephb1	NM_001168296	387181	0	0	1
128	Ephb1	NM_001168296	361500	0	0	1
129	Tinagl1	NM_001168333	668	1	1	0
130	Dynll2	NM_001168472	35716	0	0	0
131	Mapk14	NM_001168513	-279	1	0	1
132	Slc35b3	NM_001170431	-213371	0	0	0
133	Rbms3	NM_001172121	63388	0	0	1
134	Nfkb2	NM_001177370	10095	0	0	1
135	Cpeb2	NM_001177379	-571555	0	0	0
136	Gm7102	NM_001177513	97267	0	0	1
137	Nsmf	NM_001177654	-14687	0	1	0
138	Rreb1	NM_001177869	41378	0	1	1
139	Adamtsl3	NM_001190374	75692	0	0	1
140	Adamtsl3	NM_001190374	149669	0	0	1
141	Dlk1	NM_001190703	42938	0	0	0
142	Gm5294	NM_001195128	1099	0	0	1
143	Arhgef2	NM_001198913	12828	0	0	1
144	Lgals8	NM_001199043	-16527	0	1	0
145	Iffo2	NM_001205173	-18703	0	0	1
146	Gramd4	NM_001205353	55108	0	0	1
147	Hk3	NM_001206391	14868	0	1	0
148	Arntl	NM_001243048	73552	0	0	1
149	Slc6a15	NM_001252330	242119	0	0	0
150	Cyfip2	NM_001252460	2934	0	0	1
151	Tbc1d7	NM_001252639	-40327	0	0	1
152	Atg7	NM_001253717	82295	0	0	1
153	Fstl5	NM_001253719	686951	0	0	0
154	Scn5a	NM_001253860	-6949	0	0	1
155	Scn5a	NM_001253860	15069	0	0	1
156	Scn5a	NM_001253860	10216	0	0	1
157	7530416G11Rik	NM_001256072	-4507	0	0	0
158	7530416G11Rik	NM_001256072	-4513	0	0	0
159	7530416G11Rik	NM_001256072	-4489	0	0	0
160	Eif4g3	NM_001256198	57529	0	0	1
161	Cdc7	NM_001271566	87434	0	0	0
162	Cdc7	NM_001271566	87418	0	0	0
163	Ano5	NM_001271879	-439	1	0	0
164	Ube2dnl1	NM_001276396	-209682	0	0	0
165	Grip1	NM_001277295	-22162	0	0	1
166	Umod	NM_001278605	2462	0	1	0
167	Acvr2a	NM_007396	-1128530	0	0	0
168	Adcy7	NM_007406	410	1	0	1
169	Arf6	NM_007481	16208	0	0	0
170	Arf6	NM_007481	16207	0	0	0
171	Arg1	NM_007482	-88886	0	0	0
172	Art2a-ps	NM_007490	12023	0	0	0
173	Bmp7	NM_007557	23123	0	0	1
174	Cd48	NM_007649	13642	0	1	0
175	Cd9	NM_007657	3382	0	0	1
176	Cit	NM_007708	68588	0	0	1
177	Col4a4	NM_007735	58594	0	0	1
178	Cox6a1	NM_007748	-9143	0	0	0
179	Cox7c	NM_007749	-1081698	0	0	0
180	Cox7c	NM_007749	-1081595	0	0	0
181	Cyb561	NM_007805	154095	0	0	1
182	Ddost	NM_007838	5682	0	0	1
183	Enpep	NM_007934	51988	0	1	0
184	F9	NM_007979	-432051	0	0	0
185	Igfbp7	NM_008048	-175	1	0	0
186	Grin2d	NM_008172	285	1	1	0
187	H3f3a	NM_008210	14086	0	0	0
188	Hes1	NM_008235	25189	0	0	0
189	Hsd17b3	NM_008291	94910	0	0	0
190	Irf8	NM_008320	168490	0	0	0
191	Itga2	NM_008396	-56624	0	0	1
192	Itga6	NM_008397	37232	0	0	1
193	Cuzd1	NM_008411	22713	0	0	0
194	Klra5	NM_008463	-17331	0	0	0
195	Lama1	NM_008480	91169	0	0	1
196	Sh2b3	NM_008507	19157	0	1	0
197	Marcks	NM_008538	-248125	0	0	0
198	Met	NM_008591	-65416	0	0	0
199	Mmp2	NM_008610	230	1	1	0
200	Pdcd2	NM_008799	-9395	0	0	0
201	Pet2	NM_008821	92094	0	0	0
202	Phox2b	NM_008888	2592	0	1	0
203	Ppl	NM_008909	-4594	0	0	0
204	Ppm1a	NM_008910	-9145	0	0	0
205	Rps29	NM_009093	15786	0	0	0
206	Sstr3	NM_009218	475	1	1	0
207	Tacr2	NM_009314	34089	0	1	0
208	Thy1	NM_009382	-22827	0	0	0
209	Tle3	NM_009389	10128	0	0	1
210	Tle3	NM_009389	10120	0	0	1
211	Top2b	NM_009409	-56660	0	0	1
212	Tpi1	NM_009415	265	1	1	0
213	Tpi1	NM_009415	279	1	1	0
214	Tpi1	NM_009415	274	1	1	0
215	Tpi1	NM_009415	-3716	0	1	0
216	Tnfsf4	NM_009452	-70583	0	0	0
217	Vamp3	NM_009498	-233036	0	0	1
218	Wnt11	NM_009519	-3577	0	0	0
219	Wnt11	NM_009519	32098	0	0	0
220	Wnt11	NM_009519	-3580	0	0	0
221	Xrcc1	NM_009532	690	1	1	0
222	Zfp64	NM_009564	23836	0	0	1
223	Adra2b	NM_009633	-6808	0	1	0
224	Ap3b1	NM_009680	3581	0	0	1
225	Ap3b1	NM_009680	78808	0	0	1
226	Bfsp1	NM_009751	468	1	1	0
227	Bfsp1	NM_009751	515	1	1	0
228	C1qb	NM_009777	24148	0	0	0
229	Car2	NM_009801	1686	0	0	1
230	Casq2	NM_009814	48433	0	0	1
231	Noct	NM_009834	-162514	0	0	0
232	Cdh11	NM_009866	1678411	0	0	0
233	Cdkn1b	NM_009875	-3810	0	0	0
234	Celsr1	NM_009886	54899	0	1	0
235	Celsr1	NM_009886	4191	0	0	1
236	Igf2bp1	NM_009951	162	1	1	0
237	Cyp2a4	NM_009997	28182	0	0	0
238	Cyp2a4	NM_009997	28231	0	0	0
239	Dhfr	NM_010049	-78234	0	0	1
240	Dio2	NM_010050	12905	0	1	0
241	Dlx6	NM_010057	-7681	0	0	1
242	Dst	NM_010081	17616	0	1	1
243	Dtna	NM_010087	-104546	0	0	0
244	S1pr3	NM_010101	-15645	0	0	0
245	Efna5	NM_010109	15498	0	0	1
246	Epha7	NM_010141	303751	0	0	0
247	Epha7	NM_010141	303698	0	0	0
248	Ephb2	NM_010142	57532	0	0	1
249	Ext1	NM_010162	-178962	0	0	1
250	F2rl2	NM_010170	66351	0	1	0
251	Fcgr2b	NM_010187	12882	0	0	1
252	Gab2	NM_010248	-51094	0	0	1
253	Gbx2	NM_010262	-9014	0	0	0
254	Tsc22d3	NM_010286	628	1	0	1
255	Gsr	NM_010344	13095	0	0	1
256	Hap1	NM_010404	168	1	1	0
257	Hey1	NM_010423	-50749	0	0	0
258	Htr5b	NM_010483	27142	0	1	0
259	Il6ra	NM_010559	221	1	0	1
260	Klf12	NM_010636	-158728	0	0	0
261	Kpna2	NM_010655	-13133	0	0	0
262	Lrrn2	NM_010732	48287	0	0	1
263	Smad2	NM_010754	-19102	0	0	0
264	Man1a2	NM_010763	-34221	0	0	0
265	Cited2	NM_010828	-194118	0	0	0
266	Myd88	NM_010851	1901	0	1	0
267	Nefl	NM_010910	-34438	0	0	0
268	Oit3	NM_010959	2834	0	0	1
269	Pax9	NM_011041	129027	0	0	1
270	Prkce	NM_011104	48545	0	0	1
271	Plaur	NM_011113	4331	0	0	1
272	Plod1	NM_011122	14413	0	0	1
273	Pole2	NM_011133	7439	0	0	1
274	Ptpn1	NM_011201	-192	1	0	0
275	Rad51	NM_011234	145	1	1	0
276	Pitpnm2	NM_011256	-2545	0	0	0
277	Sub1	NM_011294	675	1	0	1
278	Scn8a	NM_011323	50295	0	0	1
279	Tbx5	NM_011537	32019	0	0	1
280	Dctn6	NM_011722	13497	0	0	1
281	Dctn6	NM_011722	13498	0	0	1
282	Sept3	NM_011889	-6793	0	0	0
283	Gnpda1	NM_011937	-9926	0	0	0
284	Map3k1	NM_011945	7388	0	0	1
285	Pclo	NM_011995	24709	0	1	0
286	Arhgef28	NM_012026	150774	0	0	1
287	St6galnac5	NM_012028	-140153	0	0	0
288	Rps3	NM_012052	270	1	0	1
289	Anxa3	NM_013470	-16563	0	0	1
290	Cpe	NM_013494	25214	0	0	1
291	Frg1	NM_013522	-141294	0	0	0
292	Hprt	NM_013556	479	1	0	1
293	Eif2ak1	NM_013557	-53718	0	0	0
294	Lifr	NM_013584	10279	0	0	1
295	Lifr	NM_013584	10302	0	0	1
296	Kitl	NM_013598	-85745	0	0	0
297	Oprd1	NM_013622	-21297	0	0	0
298	Srsf3	NM_013663	-7462	0	0	0
299	Zfp30	NM_013705	8226	0	1	0
300	Csnk1e	NM_013767	15756	0	1	0
301	Ror1	NM_013845	80107	0	0	1
302	Ndrg2	NM_013864	2777	0	1	0
303	Bcar3	NM_013867	-62864	0	0	0
304	Cabp1	NM_013879	-106	1	0	0
305	Pcsk1n	NM_013892	121	1	1	0
306	Adat1	NM_013925	3236	0	0	1
307	Gbx1	NM_015739	736	1	1	0
308	Aqp3	NM_016689	2498	0	0	1
309	Gpc3	NM_016697	142	1	1	1
310	C6	NM_016704	-42511	0	0	0
311	Batf	NM_016767	-17771	0	0	0
312	Tpmt	NM_016785	61	1	1	0
313	Chst3	NM_016803	35568	0	1	0
314	Htatip2	NM_016865	-41273	0	0	0
315	Olig1	NM_016968	9781	0	0	0
316	Nfil3	NM_017373	-140440	0	0	1
317	Rab11a	NM_017382	64414	0	0	1
318	Kat6b	NM_017479	944	1	0	1
319	Rassf5	NM_018750	19900	0	0	1
320	Zfp326	NM_018759	101851	0	0	0
321	Ntsr1	NM_018766	-11433	0	0	0
322	Egr3	NM_018781	-43094	0	0	1
323	Extl3	NM_018788	31929	0	0	1
324	Hils1	NM_018792	3624	0	1	0
325	Plxnc1	NM_018797	-71465	0	0	0
326	Adgrg1	NM_018882	2220	0	0	1
327	Robo1	NM_019413	335076	0	0	1
328	Irgm2	NM_019440	9576	0	0	0
329	Uso1	NM_019490	-26677	0	0	0
330	Uchl5	NM_019562	77	1	1	0
331	Uchl5	NM_019562	102	1	1	0
332	Uchl5	NM_019562	86	1	1	0
333	Uchl5	NM_019562	97	1	1	0
334	Uchl5	NM_019562	84	1	1	0
335	Plce1	NM_019588	97629	0	0	1
336	Ykt6	NM_019661	31762	0	0	1
337	Tbk1	NM_019786	150	1	0	1
338	Trpc4ap	NM_019828	118	1	1	0
339	B4galt5	NM_019835	-23151	0	0	0
340	Tlx3	NM_019916	274	1	1	0
341	Pmfbp1	NM_019938	-35477	0	0	0
342	Pmfbp1	NM_019938	-24837	0	0	0
343	Stard10	NM_019990	12519	0	0	1
344	Pnkd	NM_019999	8073	0	0	1
345	B3galt2	NM_020025	-1137994	0	0	0
346	Xpo4	NM_020506	-31285	0	1	0
347	Sec61a2	NM_021305	-10839	0	0	1
348	Snrpa1	NM_021336	-40523	0	0	1
349	Htr6	NM_021358	-672	1	0	0
350	Caln1	NM_021371	293537	0	0	1
351	Ush2a	NM_021408	318523	0	0	1
352	Arhgap23	NM_021493	50290	0	1	0
353	Anapc5	NM_021505	19258	0	0	1
354	Moxd1	NM_021509	53950	0	0	1
355	Dact1	NM_021532	8265	0	1	0
356	Bhlhe22	NM_021560	1373	0	1	0
357	Midn	NM_021565	7994	0	0	1
358	Mllt1	NM_022328	27538	0	0	1
359	Gprc5b	NM_022420	-28798	0	0	0
360	Ireb2	NM_022655	358	1	0	1
361	Lpar3	NM_022983	25746	0	0	1
362	Pmepa1	NM_022995	-2666	0	0	0
363	Trp53rkb	NM_023815	-20078	0	0	0
364	Cstf1	NM_024199	2270	0	0	1
365	Stambp	NM_024239	-36817	0	0	0
366	Ssbp2	NM_024272	610	1	0	1
367	Haao	NM_025325	-20602	0	0	0
368	Chchd3	NM_025336	78660	0	0	1
369	Thap2	NM_025780	-144	1	0	0
370	Rras2	NM_025846	52301	0	0	1
371	Ift27	NM_025931	13922	0	0	1
372	Rars	NM_025936	-53239	0	0	1
373	Eri1	NM_026067	-36660	0	0	0
374	Necap1	NM_026267	74	1	1	0
375	Dusp6	NM_026268	-12108	0	0	0
376	Tm7sf3	NM_026281	524	1	0	1
377	Tm7sf3	NM_026281	21276	0	0	1
378	Pop5	NM_026398	-619	1	0	0
379	Pop5	NM_026398	-612	1	0	0
380	Mrrf	NM_026422	-14533	0	0	1
381	Cdc42ep3	NM_026514	20134	0	1	0
382	Bcas2	NM_026602	47519	0	0	0
383	Zdhhc21	NM_026647	97429	0	0	0
384	Apoo	NM_026673	-40693	0	0	0
385	1700008P02Rik	NM_027048	-200809	0	0	0
386	Rnf157	NM_027258	16802	0	1	0
387	Ube2q1	NM_027315	94	1	1	0
388	Basp1	NM_027395	527970	0	0	0
389	Iqgap2	NM_027711	-100	1	0	0
390	Otud1	NM_027715	239381	0	0	0
391	Dhrs2	NM_027790	-52309	0	0	0
392	9030624J02Rik	NM_027815	33621	0	0	1
393	Izumo4	NM_027829	-159	1	0	0
394	Csl	NM_027945	-69988	0	0	0
395	Zbtb43	NM_027947	4918	0	0	1
396	Cfap45	NM_027972	8786	0	1	0
397	Lypd6b	NM_027990	52997	0	0	1
398	Cnn3	NM_028044	-47297	0	0	0
399	Cnn3	NM_028044	-47519	0	0	0
400	Cnn3	NM_028044	-47318	0	0	0
401	Amer2	NM_028113	1525	0	1	0
402	Adpgk	NM_028121	-97318	0	0	0
403	Egln3	NM_028133	391278	0	0	1
404	Col16a1	NM_028266	20660	0	1	0
405	Asphd2	NM_028386	7384	0	0	0
406	Fezf1	NM_028462	-12445	0	0	0
407	Rassf6	NM_028478	5418	0	0	1
408	Ccsap	NM_028536	20732	0	0	0
409	Mbd3l1	NM_028557	3120	0	0	1
410	Vgll3	NM_028572	-190	1	0	0
411	Ccdc3	NM_028804	89960	0	0	1
412	Snx19	NM_028874	10152	0	1	0
413	Kcnk16	NM_029006	30380	0	0	0
414	Kcnk16	NM_029006	30371	0	0	0
415	Syce1l	NM_029139	79039	0	0	1
416	Scamp1	NM_029153	93293	0	1	0
417	Stpg4	NM_029298	51993	0	0	1
418	Bcor	NM_029510	81237	0	0	0
419	0610040J01Rik	NM_029554	17320	0	0	1
420	Sun5	NM_029599	13390	0	0	1
421	Pcolce2	NM_029620	46946	0	0	1
422	Plet1	NM_029639	-50637	0	0	0
423	Dok5	NM_029761	-35316	0	0	0
424	Lrg1	NM_029796	1711	0	1	0
425	2610028H24Rik	NM_029816	-1463	0	0	0
426	8030423J24Rik	NM_029873	380873	0	0	0
427	Grifin	NM_030022	-2212	0	0	0
428	Cstad	NM_030137	19253	0	0	0
429	Ddit4l	NM_030143	113442	0	0	0
430	Clip4	NM_030179	185688	0	1	0
431	Agbl4	NM_030231	501359	0	0	1
432	N4bp1	NM_030563	-152920	0	0	0
433	Syt13	NM_030725	-64355	0	0	0
434	Vmn1r171	NM_030737	-7176	0	0	0
435	Sf3b1	NM_031179	322	1	0	1
436	Tfec	NM_031198	101396	0	0	0
437	Tfec	NM_031198	101433	0	0	0
438	Zfp275	NM_031494	-41	1	0	0
439	Zfp275	NM_031494	-12	1	0	0
440	Tas1r2	NM_031873	-12882	0	1	0
441	Spred1	NM_033524	-35090	0	0	0
442	Pard3	NM_033620	-38494	0	0	0
443	Olig3	NM_053008	87622	0	0	0
444	Atg5	NM_053069	385	1	0	1
445	Csmd1	NM_053171	-412930	0	0	0
446	Foxp1	NM_053202	9629	0	0	1
447	Foxp2	NM_053242	-1422	0	0	0
448	Pawr	NM_054056	111814	0	0	0
449	Pawr	NM_054056	89068	0	0	0
450	Muc4	NM_080457	-16163	0	0	0
451	Trhr2	NM_133202	24045	0	1	0
452	Trhr2	NM_133202	24076	0	1	0
453	Trhr2	NM_133202	24054	0	1	0
454	Trhr2	NM_133202	24052	0	1	0
455	Trhr2	NM_133202	24036	0	1	0
456	Trhr2	NM_133202	24027	0	1	0
457	Cxxc5	NM_133687	4558	0	0	1
458	Ctdspl	NM_133710	10596	0	0	1
459	Ctdspl	NM_133710	-62163	0	0	1
460	Errfi1	NM_133753	23644	0	0	0
461	Asl	NM_133768	7838	0	0	1
462	Tmem132a	NM_133804	2865	0	0	1
463	D1Ertd622e	NM_133825	-137	1	0	0
464	D1Ertd622e	NM_133825	649	1	0	1
465	Gltscr2	NM_133831	209	1	1	0
466	C8b	NM_133882	-125041	0	0	1
467	C8b	NM_133882	-124997	0	0	1
468	Mlxip	NM_133917	-24332	0	0	1
469	Rpn1	NM_133933	-28181	0	0	0
470	Plekha1	NM_133942	162	1	0	1
471	Rab15	NM_134050	4125	0	0	1
472	Slc38a1	NM_134086	48840	0	0	1
473	Kctd1	NM_134112	-24532	0	0	0
474	Kctd1	NM_134112	-24568	0	0	0
475	Actn1	NM_134156	52400	0	0	1
476	Vmn1r75	NM_134207	18943	0	0	0
477	Dgkg	NM_138650	85698	0	0	1
478	Nap1l3	NM_138742	1033172	0	0	0
479	Cabp7	NM_138948	15916	0	0	1
480	Vasn	NM_139307	15116	0	1	0
481	Ube2e2	NM_144839	-233819	0	0	0
482	Tmem45b	NM_144936	-209737	0	0	0
483	Nkx6-1	NM_144955	232791	0	0	0
484	Mchr1	NM_145132	2650	0	1	0
485	Pla2g4b	NM_145378	5586	0	1	0
486	Cerk	NM_145475	8811	0	0	1
487	Zfp521	NM_145492	317525	0	0	0
488	BC003331	NM_145511	-14375	0	0	1
489	Sbk1	NM_145587	19774	0	1	0
490	Sbk1	NM_145587	19817	0	1	0
491	Sbk1	NM_145587	729	1	0	1
492	Sbk1	NM_145587	19767	0	1	0
493	Lin28a	NM_145833	1150	0	0	1
494	8430408G22Rik	NM_145980	1061	0	1	1
495	Hip1	NM_146001	-586	1	0	0
496	Lrrc3b	NM_146052	-121192	0	0	0
497	Lrrc3b	NM_146052	-152200	0	0	0
498	Zadh2	NM_146090	241481	0	0	1
499	Tram1l1	NM_146140	521	1	1	0
500	Ipo13	NM_146152	-117	1	0	0
501	Armc5	NM_146205	-278	1	1	0
502	Cmtr2	NM_146215	14319	0	0	0
503	Olfr1370	NM_146535	18434	0	0	0
504	Gipc3	NM_148951	2067	0	1	0
505	Plk2	NM_152804	136477	0	0	0
506	Prss42	NM_153099	-15476	0	0	0
507	9530068E07Rik	NM_153117	107520	0	0	0
508	Unc5a	NM_153131	-53940	0	0	0
509	Mical3	NM_153396	36316	0	0	1
510	Syne1	NM_153399	4614	0	0	1
511	Ankrd23	NM_153502	-5179	0	0	1
512	Kcng3	NM_153512	695	1	1	0
513	Opalin	NM_153520	-51392	0	1	0
514	Opalin	NM_153520	-51364	0	1	0
515	Mboat1	NM_153546	45414	0	0	1
516	Cxcl17	NM_153576	-28191	0	0	1
517	Atg4d	NM_153583	44	1	1	0
518	Nars2	NM_153591	-43437	0	1	0
519	Cdk8	NM_153599	29430	0	0	1
520	Snx17	NM_153680	496	1	0	1
521	Ipo9	NM_153774	-5973	0	1	0
522	Ipo9	NM_153774	-5966	0	1	0
523	Aifm2	NM_153779	17782	0	1	1
524	Cpne7	NM_170684	13983	0	0	1
525	Entpd6	NM_172117	4165	0	1	0
526	Vps18	NM_172269	8612	0	1	0
527	Plcg2	NM_172285	-9520	0	0	0
528	Tshz3	NM_172298	309014	0	0	0
529	Fam175a	NM_172405	-3630	0	0	0
530	Nhlrc3	NM_172501	10689	0	1	0
531	Alx1	NM_172553	150729	0	0	0
532	Hlf	NM_172563	9391	0	0	1
533	Naprt	NM_172607	10355	0	0	0
534	Sh3tc2	NM_172628	-1117	0	0	0
535	Mapk4	NM_172632	900	1	0	1
536	Prrc2b	NM_172661	22504	0	0	1
537	Prrc2b	NM_172661	440	1	0	1
538	Gcn1l1	NM_172719	4246	0	0	1
539	Mtmr10	NM_172742	-72	1	0	0
540	Gramd1b	NM_172768	-83898	0	0	0
541	Sh3rf3	NM_172788	-3675	0	0	0
542	Fmo9	NM_172844	-152569	0	0	0
543	2900026A02Rik	NM_172884	25895	0	0	1
544	Man2a2	NM_172903	30	1	1	0
545	Col6a6	NM_172927	35003	0	1	0
546	Tbcel	NM_173038	15582	0	0	1
547	Gpr26	NM_173410	-129925	0	0	0
548	Fam110b	NM_173426	119068	0	0	1
549	Fam110b	NM_173426	119078	0	0	1
550	Rccd1	NM_173445	-1765	0	0	1
551	Galnt18	NM_173739	85257	0	0	1
552	Tdrp	NM_173744	42	1	1	0
553	Slc45a1	NM_173774	-24088	0	0	0
554	Olfm2	NM_173777	1280	0	0	1
555	Klf8	NM_173780	122006	0	0	1
556	Disc1	NM_174853	206494	0	0	1
557	Disc1	NM_174853	106612	0	0	1
558	Cdh22	NM_174988	5392	0	0	1
559	Adgrb1	NM_174991	-65285	0	0	0
560	Adnp2	NM_175028	38772	0	0	1
561	Bcor	NM_175046	-7386	0	0	1
562	Hmgn3	NM_175074	-51866	0	0	0
563	Stbd1	NM_175096	-188	1	0	0
564	Stox2	NM_175162	-33238	0	0	0
565	Mast4	NM_175171	198967	0	0	1
566	Rassf10	NM_175279	354	1	1	0
567	Mbnl2	NM_175341	60545	0	0	1
568	Ano6	NM_175344	39280	0	0	1
569	Zdhhc15	NM_175358	272	1	1	0
570	Arhgap25	NM_175476	211	1	1	0
571	Tmem74	NM_175502	158146	0	0	0
572	Hist1h2ba	NM_175663	2813	0	0	0
573	C030006K11Rik	NM_176828	-1146	0	1	0
574	Bptf	NM_176850	-4562	0	0	0
575	Dusp4	NM_176933	-79760	0	0	0
576	Rinl	NM_177158	-2230	0	0	1
577	Fam19a4	NM_177233	247818	0	0	0
578	Gk5	NM_177352	34748	0	0	1
579	Rhbdd3	NM_177370	3338	0	0	1
580	Tnfsf15	NM_177371	3080	0	0	1
581	Usp46	NM_177561	64559	0	0	1
582	Arhgef15	NM_177566	4981	0	0	1
583	Ttc22	NM_177667	3159	0	0	1
584	Zfp507	NM_177739	-354541	0	0	0
585	Zfp507	NM_177739	-358489	0	0	0
586	Zfp507	NM_177739	-250529	0	0	0
587	Zfp507	NM_177739	-393325	0	0	0
588	Ccdc60	NM_177759	95647	0	0	1
589	Fam163a	NM_177838	183	1	1	0
590	Arel1	NM_178065	689	1	0	1
591	Fa2h	NM_178086	-30660	0	0	0
592	Trim62	NM_178110	23290	0	0	1
593	Tmem108	NM_178638	86791	0	0	1
594	Depdc1b	NM_178683	91093	0	0	0
595	C130074G19Rik	NM_178692	16633	0	0	0
596	Slc6a1	NM_178703	48804	0	0	0
597	Prr18	NM_178774	433	1	1	0
598	Trappc9	NM_180662	-35	1	0	0
599	Pxdn	NM_181395	64702	0	1	0
600	Pof1b	NM_181579	-70990	0	0	0
601	Ggn	NM_182696	1819	0	1	1
602	A430033K04Rik	NM_183025	24514	0	1	0
603	Plekhm1	NM_183034	-92708	0	0	0
604	4931429L15Rik	NM_183104	-123451	0	0	0
605	Elfn2	NM_183141	46118	0	1	0
606	Coa4	NM_183270	2055	0	1	0
607	Dhrs13	NM_183286	354	1	1	0
608	Esrp1	NM_194055	2777	0	0	1
609	Sgsm2	NM_197943	29383	0	1	0
610	Tanc1	NM_198294	290	1	0	1
611	Mtss1l	NM_198625	6171	0	0	1
612	Cdh26	NM_198656	236439	0	0	0
613	Stpg2	NM_198659	894976	0	0	0
614	Stpg2	NM_198659	616004	0	0	0
615	Adgrl3	NM_198702	404462	0	0	1
616	B4galnt3	NM_198884	99167	0	0	1
617	B4galnt3	NM_198884	99689	0	0	1
618	Eml4	NM_199466	-28446	0	0	0
619	Flrt2	NM_201518	-1378451	0	0	0
620	Lmo7	NM_201529	169565	0	0	1
621	Lmo7	NM_201529	169445	0	0	1
622	Tes	NM_207176	-65403	0	0	0
623	Acap3	NM_207223	14313	0	1	0
624	Ptpdc1	NM_207232	32283	0	0	1
625	Bcl2l11	NM_207680	-28111	0	0	1
626	Acsm3	NM_212442	-18635	0	0	0
627	Gm12070	NR_002890	661091	0	0	0
628	Pla2g2a	NR_002926	-4631	0	0	1
629	Rprl2	NR_004439	450586	0	0	0
630	3830408C21Rik	NR_015471	223618	0	0	0
631	LOC100043315	NR_015482	-79724	0	0	1
632	2610035D17Rik	NR_015556	114680	0	0	1
633	2610035D17Rik	NR_015556	114705	0	0	1
634	1500011B03Rik	NR_027818	17409	0	0	1
635	BB123696	NR_027893	2564	0	0	1
636	9130230L23Rik	NR_027961	-14943	0	1	0
637	4930503E24Rik	NR_028310	83263	0	0	0
638	Gm17762	NR_028378	-1043	0	1	0
639	Tmem161b	NR_029419	59557	0	0	1
640	Mirlet7i	NR_029527	72075	0	0	1
641	Mir126a	NR_029541	-1986	0	1	0
642	Mir34a	NR_029751	-1075	0	0	0
643	Mir340	NR_029769	18864	0	0	1
644	Mir139	NR_029791	-11058	0	0	1
645	Mir582	NR_030644	-207790	0	0	1
646	A930011G23Rik	NR_030692	101986	0	0	1
647	A930011G23Rik	NR_030692	101963	0	0	1
648	A930011G23Rik	NR_030692	-97829	0	0	0
649	Gm11468	NR_033467	44143	0	0	0
650	Gm11468	NR_033467	50076	0	0	0
651	Spn-ps	NR_033583	-22665	0	0	0
652	Gm13498	NR_033595	-23072	0	0	0
653	Crnde	NR_033641	207	1	1	0
654	Zscan4a	NR_033707	23070	0	0	0
655	Gm6525	NR_036654	14801	0	0	1
656	Mir3106	NR_037214	262814	0	1	0
657	Mir3065	NR_037225	-4702	0	1	0
658	Mir3065	NR_037225	-4674	0	1	0
659	Mir3079	NR_037240	-49044	0	0	1
660	Mir3102	NR_037289	5794	0	1	0
661	Mir3102	NR_037289	1106	0	1	0
662	Mir3102	NR_037289	5795	0	1	0
663	Gm20268	NR_037989	1145947	0	0	0
664	Gm20268	NR_037989	-185831	0	0	0
665	2310043L19Rik	NR_037994	-40809	0	0	0
666	Gm20110	NR_038019	-71378	0	0	0
667	Lhx1os	NR_038057	65566	0	0	0
668	Six3os1	NR_038086	151160	0	0	0
669	Mir378b	NR_039545	15170	0	0	1
670	Mir378b	NR_039545	21252	0	0	1
671	B230217O12Rik	NR_040316	26068	0	0	1
672	A230028O05Rik	NR_040374	-320	1	0	0
673	Gm15708	NR_040432	24188	0	0	1
674	1700047G03Rik	NR_040447	-16578	0	0	0
675	9230112J17Rik	NR_040463	505	1	0	1
676	1700066B17Rik	NR_040465	12637	0	0	0
677	C030007H22Rik	NR_040482	73538	0	0	0
678	Sox5os3	NR_040519	110126	0	0	0
679	9830132P13Rik	NR_040552	82105	0	0	0
680	1700045H11Rik	NR_040649	72719	0	0	0
681	4930548K13Rik	NR_040656	-720931	0	0	0
682	8030443G20Rik	NR_040664	27587	0	0	1
683	BC039966	NR_040670	103729	0	0	0
684	2310034O05Rik	NR_040679	61578	0	0	0
685	6030466F02Rik	NR_040702	17661	0	0	0
686	B930018H19Rik	NR_040706	232532	0	0	0
687	Gm20187	NR_045052	54372	0	0	0
688	A330076C08Rik	NR_045088	3307	0	0	1
689	Gm12159	NR_045100	134143	0	0	1
690	1110015O18Rik	NR_045272	-1442	0	0	0
691	1110015O18Rik	NR_045272	205850	0	0	0
692	5430437J10Rik	NR_045274	315225	0	0	0
693	4933411E08Rik	NR_045342	22347	0	1	0
694	4930401C15Rik	NR_045349	128844	0	0	0
695	1700029N11Rik	NR_045489	111250	0	0	0
696	4930486I03Rik	NR_045734	121781	0	0	1
697	2310043O21Rik	NR_045757	20840	0	0	1
698	Zfp652os	NR_045780	4382	0	0	1
699	1700025K24Rik	NR_045825	-50597	0	0	0
700	1700025K24Rik	NR_045825	-50585	0	0	0
701	E130006D01Rik	NR_045832	-67880	0	0	0
702	Gm5420	NR_045843	-468	1	0	0
703	5430440P10Rik	NR_045859	-78991	0	0	0
704	3100003L05Rik	NR_045907	-227347	0	0	0
705	9530027J09Rik	NR_045916	-617	1	0	0
706	4930432J09Rik	NR_045953	73304	0	0	0
707	4930432J09Rik	NR_045953	73256	0	0	0
708	Gm8179	NR_046039	-96794	0	0	0
709	4931430N09Rik	NR_046053	-66408	0	0	1
710	D730050B12Rik	NR_046196	-44331	0	0	0
711	D730050B12Rik	NR_046196	-57299	0	0	0
712	Rn45s	NR_046233	2472	0	1	0
713	Rn45s	NR_046233	577	1	1	0
714	Rn45s	NR_046233	579	1	1	0
715	Best2	NR_052011	-2416	0	0	0
716	A930016O22Rik	NR_073015	-13261	0	1	0
717	C030029H02Rik	NR_102277	-70601	0	0	0
718	D830026I12Rik	NR_102305	-28704	0	0	0
719	Ano4	NR_102339	-87192	0	0	0
720	Ano4	NR_102339	-87236	0	0	0
721	Gm2087	NR_102437	-135947	0	0	0
