	name	feature.name	dist.to.feature	prom	exon	intron
1	Panx2	NM_001002005	7957	0	1	0
2	Rpl17	NM_001002239	249	1	0	1
3	Crtc1	NM_001004062	-13091	0	1	0
4	Cxxc4	NM_001004367	-221749	0	0	0
5	Ado	NM_001005419	-117946	0	0	0
6	Eif2a	NM_001005509	-187	1	1	0
7	Unc13d	NM_001009573	14277	0	1	0
8	Hrh2	NM_001010973	72910	0	0	0
9	Fut10	NM_001012517	32002	0	0	1
10	E2f8	NM_001013368	-646	1	0	0
11	Zfp930	NM_001013379	-32412	0	0	0
12	Dync1li2	NM_001013380	254	1	1	0
13	Maml2	NM_001013813	-58969	0	0	0
14	Dyrk2	NM_001014390	527	1	0	1
15	Dppa4	NM_001018002	734	1	0	1
16	Mctp2	NM_001024703	849947	0	0	0
17	Mctp2	NM_001024703	849927	0	0	0
18	Kcnc2	NM_001025581	177915	0	0	1
19	Kcnj6	NM_001025590	6519	0	0	1
20	Vrk1	NM_001029844	174655	0	0	0
21	Bbs1	NM_001033128	-8995	0	0	1
22	Fbxo33	NM_001033156	-212055	0	0	0
23	Fbxo33	NM_001033156	-301351	0	0	0
24	Qrich2	NM_001033267	391	1	0	1
25	Spata13	NM_001033272	-47544	0	0	0
26	Shb	NM_001033306	23551	0	0	1
27	Cdc42bpg	NM_001033342	442	1	0	1
28	Ccdc27	NM_001033455	-21723	0	1	0
29	Limk2	NM_001034030	2811	0	1	1
30	Atp11c	NM_001037863	160	1	1	0
31	Cldn19	NM_001038590	1646	0	0	1
32	Mex3c	NM_001039214	-136479	0	0	0
33	Plekhm3	NM_001039493	88833	0	0	1
34	Edem3	NM_001039644	124517	0	0	0
35	Nynrin	NM_001040072	10189	0	1	0
36	Shroom4	NM_001040459	273	1	0	1
37	Med15	NM_001040683	-3895	0	0	0
38	Txnrd1	NM_001042523	-3723	0	0	0
39	Bdnf	NM_001048139	564	1	0	1
40	Sdhaf3	NM_001077713	55838	0	0	1
41	Hdx	NM_001080549	-197811	0	0	0
42	Gtf2i	NM_001080746	-18390	0	0	0
43	Gtf2i	NM_001080746	-18400	0	0	0
44	Gtf2i	NM_001080749	17968	0	0	1
45	Trappc10	NM_001081055	-100	1	0	0
46	Aunip	NM_001081099	-4034	0	1	0
47	Oxtr	NM_001081147	-64505	0	0	0
48	Lama5	NM_001081171	1392	0	0	1
49	Lama5	NM_001081171	20876	0	0	1
50	L1td1	NM_001081202	29674	0	1	0
51	L1td1	NM_001081202	-13069	0	0	1
52	Fam186b	NM_001081254	7848	0	1	0
53	Tmem28	NM_001081283	-969	1	0	0
54	Tmem28	NM_001081283	32369	0	0	0
55	Rimbp2	NM_001081388	107060	0	0	1
56	Camta1	NM_001081557	296102	0	0	1
57	Camta1	NM_001081557	391925	0	0	1
58	Camta1	NM_001081557	299325	0	0	1
59	Dytn	NM_001081658	81629	0	0	0
60	Ptchd2	NM_001083342	31147	0	1	0
61	Xirp2	NM_001083919	-45971	0	0	0
62	1600014C10Rik	NM_001085385	-11407	0	0	0
63	Pramef6	NM_001085414	18295	0	0	0
64	Gm436	NM_001085504	25001	0	0	0
65	Gm436	NM_001085504	9542	0	0	1
66	Myadm	NM_001093766	4114	0	1	0
67	Kif26a	NM_001097621	31671	0	1	0
68	Nr1i2	NM_001098404	89311	0	0	1
69	Tox2	NM_001098799	-36789	0	0	0
70	Ptrh2	NM_001098810	14075	0	0	1
71	Ajap1	NM_001099299	20682	0	0	1
72	Ajap1	NM_001099299	538	1	1	0
73	Myof	NM_001099634	57753	0	0	1
74	Stx16	NM_001102423	-89126	0	0	0
75	Skor2	NM_001109743	15871	0	0	1
76	Apold1	NM_001109914	-18664	0	0	0
77	Keap1	NM_001110305	11284	0	0	0
78	Sprtn	NM_001111141	14853	0	0	1
79	Shank2	NM_001113373	-42525	0	0	1
80	Lrrc32	NM_001113379	-10653	0	0	0
81	Sept9	NM_001113487	-1406	0	0	1
82	Sept9	NM_001113487	-1439	0	0	1
83	Sox5	NM_001113559	159386	0	0	1
84	Plcl1	NM_001114663	91893	0	0	1
85	Prdm12	NM_001123362	-30118	0	0	1
86	Sema4c	NM_001126047	-11465	0	0	1
87	Snx10	NM_001127348	9585	0	0	1
88	Jade1	NM_001130186	19561	0	0	1
89	Nucb2	NM_001130479	139584	0	0	0
90	Nucb2	NM_001130479	79928	0	0	0
91	Prr23a1	NM_001134660	-11175	0	0	0
92	CK137956	NM_001134733	211781	0	0	0
93	CK137956	NM_001134733	211788	0	0	0
94	Ppp2r5c	NM_001135001	-73685	0	0	0
95	3110062M04Rik	NM_001135611	-39	1	0	0
96	Tgif2lx2	NM_001142750	-252674	0	0	0
97	Tgif2lx2	NM_001142750	-252674	0	0	0
98	H2-Q4	NM_001143689	-60	1	0	0
99	Arhgap40	NM_001145015	38076	0	0	0
100	C5ar2	NM_001146005	4257	0	0	1
101	C5ar2	NM_001146005	4256	0	0	1
102	C5ar2	NM_001146005	4288	0	0	1
103	Hk1	NM_001146100	10535	0	0	1
104	Sh3rf2	NM_001146299	13367	0	0	1
105	H2afy	NM_001159514	82954	0	0	0
106	H2afy	NM_001159514	18354	0	0	1
107	Tfap2c	NM_001159696	188033	0	0	0
108	Ccdc85c	NM_001159910	30381	0	0	1
109	Klhdc7b	NM_001160178	-3798	0	0	0
110	Cnih3	NM_001160212	-58855	0	0	0
111	Ppp2r3a	NM_001161362	-365657	0	0	0
112	Mthfr	NM_001161798	-948	1	0	1
113	Enthd1	NM_001163189	129878	0	0	0
114	Fscb	NM_001163271	1066116	0	0	0
115	Clrn2	NM_001163317	9703	0	0	1
116	Snx11	NM_001163389	102174	0	0	1
117	Ntf3	NM_001164035	22491	0	0	1
118	Mb	NM_001164048	23733	0	0	0
119	Nt5c2	NM_001164365	-20564	0	0	1
120	Irf2bp2	NM_001164598	-8220	0	0	0
121	Robo3	NM_001164767	-27387	0	0	0
122	Slc39a11	NM_001166503	169136	0	0	1
123	Ephb1	NM_001168296	361500	0	0	1
124	Ephb1	NM_001168296	387181	0	0	1
125	Ephb1	NM_001168296	382162	0	0	1
126	Dynll2	NM_001168472	35716	0	0	0
127	Mapk14	NM_001168513	-279	1	0	1
128	Slc35b3	NM_001170431	-213371	0	0	0
129	Rbms3	NM_001172121	63388	0	0	1
130	Cacna2d2	NM_001174048	792	1	0	1
131	Nfkb2	NM_001177370	10095	0	0	1
132	Cpeb2	NM_001177379	-571555	0	0	0
133	Gm7102	NM_001177513	97267	0	0	1
134	Nsmf	NM_001177654	-14687	0	1	0
135	Rreb1	NM_001177869	41378	0	1	1
136	Adamtsl3	NM_001190374	75692	0	0	1
137	Abhd12b	NM_001195033	-18145	0	0	0
138	Gm5294	NM_001195128	1099	0	0	1
139	Lrrc74a	NM_001195767	68121	0	0	0
140	Jdp2	NM_001205053	8128	0	1	0
141	Pnoc	NM_001205075	1636	0	0	1
142	Hk3	NM_001206391	14868	0	1	0
143	Arntl	NM_001243048	73552	0	0	1
144	Sema3a	NM_001243072	-301629	0	0	0
145	Slc6a15	NM_001252330	242119	0	0	0
146	St6gal1	NM_001252506	10332	0	0	1
147	St6gal1	NM_001252506	10339	0	0	1
148	Sulf2	NM_001252578	56942	0	0	1
149	Rhobtb1	NM_001252636	-216561	0	0	0
150	Tbc1d7	NM_001252639	-40327	0	0	1
151	Fstl5	NM_001253719	686951	0	0	0
152	Scn5a	NM_001253860	15069	0	0	1
153	Scn5a	NM_001253860	-6949	0	0	1
154	Scn5a	NM_001253860	10216	0	0	1
155	1700023F06Rik	NM_001254724	15903	0	0	1
156	7530416G11Rik	NM_001256072	-4507	0	0	0
157	7530416G11Rik	NM_001256072	-4513	0	0	0
158	7530416G11Rik	NM_001256072	-4489	0	0	0
159	Eif4g3	NM_001256198	57529	0	0	1
160	Cdc7	NM_001271566	87434	0	0	0
161	Ackr3	NM_001271607	54006	0	0	0
162	Ano5	NM_001271879	-439	1	0	0
163	Ube2dnl1	NM_001276396	-209682	0	0	0
164	Grip1	NM_001277295	-22162	0	0	1
165	Umod	NM_001278605	2462	0	1	0
166	Acvr2a	NM_007396	-1128530	0	0	0
167	Adcy7	NM_007406	410	1	0	1
168	Adrb2	NM_007420	-593	1	0	0
169	Arf6	NM_007481	16208	0	0	0
170	Arf6	NM_007481	16207	0	0	0
171	Arg1	NM_007482	-88886	0	0	0
172	Art2a-ps	NM_007490	12023	0	0	0
173	Bmp7	NM_007557	23123	0	0	1
174	Zfp36l1	NM_007564	99069	0	0	0
175	Birc6	NM_007566	602	1	0	1
176	Cd48	NM_007649	13642	0	1	0
177	Cd9	NM_007657	3382	0	0	1
178	Cit	NM_007708	68588	0	0	1
179	Col4a4	NM_007735	58594	0	0	1
180	Cox6a1	NM_007748	-9143	0	0	0
181	Cox7c	NM_007749	-1081595	0	0	0
182	Cox7c	NM_007749	-1081698	0	0	0
183	Cyb561	NM_007805	154095	0	0	1
184	Ddost	NM_007838	5682	0	0	1
185	F9	NM_007979	-432051	0	0	0
186	Igfbp7	NM_008048	-175	1	0	0
187	Grin2d	NM_008172	285	1	1	0
188	H3f3a	NM_008210	14086	0	0	0
189	Hsd17b3	NM_008291	94910	0	0	0
190	Itga2	NM_008396	-56624	0	0	1
191	Itga6	NM_008397	37232	0	0	1
192	Itga6	NM_008397	25552	0	0	1
193	Cuzd1	NM_008411	22713	0	0	0
194	Klra5	NM_008463	-17331	0	0	0
195	Lama1	NM_008480	91169	0	0	1
196	Sh2b3	NM_008507	19157	0	1	0
197	Met	NM_008591	-65416	0	0	0
198	Mmp2	NM_008610	230	1	1	0
199	Pdcd2	NM_008799	-9395	0	0	0
200	Pet2	NM_008821	92094	0	0	0
201	Phox2b	NM_008888	2592	0	1	0
202	Rps29	NM_009093	15786	0	0	0
203	Selplg	NM_009151	-14223	0	0	1
204	Siah1b	NM_009173	174	1	0	1
205	Sstr3	NM_009218	475	1	1	0
206	Tacr2	NM_009314	34089	0	1	0
207	Thy1	NM_009382	-22827	0	0	0
208	Top2b	NM_009409	-56660	0	0	1
209	Tpi1	NM_009415	274	1	1	0
210	Tpi1	NM_009415	265	1	1	0
211	Tpi1	NM_009415	279	1	1	0
212	Tnfsf4	NM_009452	-70583	0	0	0
213	Vamp3	NM_009498	-233036	0	0	1
214	Wnt11	NM_009519	32098	0	0	0
215	Wnt11	NM_009519	-3577	0	0	0
216	Wnt11	NM_009519	-3580	0	0	0
217	Xrcc1	NM_009532	690	1	1	0
218	Zfp64	NM_009564	23836	0	0	1
219	Adra2b	NM_009633	-6808	0	1	0
220	Ap3b1	NM_009680	78808	0	0	1
221	Apoe	NM_009696	-2370	0	1	0
222	Bfsp1	NM_009751	515	1	1	0
223	Casq2	NM_009814	48433	0	0	1
224	Cdh11	NM_009866	1678411	0	0	0
225	Celsr1	NM_009886	54899	0	1	0
226	Celsr1	NM_009886	4191	0	0	1
227	Igf2bp1	NM_009951	162	1	1	0
228	Cyp2a4	NM_009997	28182	0	0	0
229	Cyp2a4	NM_009997	28231	0	0	0
230	Dhfr	NM_010049	-78234	0	0	1
231	Dlx6	NM_010057	-7681	0	0	1
232	Dst	NM_010081	17616	0	1	1
233	Dst	NM_010081	-43691	0	0	1
234	Dtna	NM_010087	-104546	0	0	0
235	S1pr3	NM_010101	-15645	0	0	0
236	Epas1	NM_010137	1663	0	0	1
237	Epas1	NM_010137	-43464	0	0	0
238	Epha7	NM_010141	303751	0	0	0
239	Epha7	NM_010141	303698	0	0	0
240	Ephb2	NM_010142	38006	0	0	1
241	Ephb2	NM_010142	57532	0	0	1
242	Eya2	NM_010165	98935	0	0	1
243	F2rl2	NM_010170	66351	0	1	0
244	Fcgr2b	NM_010187	12882	0	0	1
245	Ctgf	NM_010217	55897	0	1	0
246	Gab2	NM_010248	-51094	0	0	1
247	Gbx2	NM_010262	-9014	0	0	0
248	Tsc22d3	NM_010286	628	1	0	1
249	Gclc	NM_010295	62730	0	0	0
250	Gsr	NM_010344	13095	0	0	1
251	Hap1	NM_010404	168	1	1	0
252	Hey1	NM_010423	-50749	0	0	0
253	Hoxa5	NM_010453	-257	1	0	1
254	Htr5b	NM_010483	27142	0	1	0
255	Hyal2	NM_010489	1265	0	1	0
256	Il6ra	NM_010559	221	1	0	1
257	Itpr2	NM_010586	172478	0	1	0
258	Klf12	NM_010636	-158728	0	0	0
259	Kpna2	NM_010655	-13133	0	0	0
260	Lrrn2	NM_010732	48287	0	0	1
261	Man1a2	NM_010763	-34221	0	0	0
262	Sik1	NM_010831	-1244	0	0	0
263	Myd88	NM_010851	1901	0	1	0
264	Nefl	NM_010910	-34438	0	0	0
265	Oit3	NM_010959	2834	0	0	1
266	Plaur	NM_011113	4331	0	0	1
267	Plod1	NM_011122	14413	0	0	1
268	Pole2	NM_011133	7439	0	0	1
269	Prep	NM_011156	94826	0	0	0
270	Ptpn1	NM_011201	-192	1	0	0
271	Ptpru	NM_011214	59148	0	1	0
272	Rad51	NM_011234	145	1	1	0
273	Pitpnm2	NM_011256	-2545	0	0	0
274	Polr2j	NM_011293	-13168	0	0	1
275	Sub1	NM_011294	675	1	0	1
276	Scn8a	NM_011323	50295	0	0	1
277	Six4	NM_011382	9494	0	1	0
278	Tbx5	NM_011537	32019	0	0	1
279	Dctn6	NM_011722	13497	0	0	1
280	Dctn6	NM_011722	13498	0	0	1
281	Sept3	NM_011889	-6793	0	0	0
282	Gnpda1	NM_011937	-9926	0	0	0
283	Map3k1	NM_011945	7388	0	0	1
284	Pclo	NM_011995	24709	0	1	0
285	Arhgef28	NM_012026	150774	0	0	1
286	St6galnac5	NM_012028	-140153	0	0	0
287	Rps3	NM_012052	270	1	0	1
288	Anxa3	NM_013470	-16563	0	0	1
289	Cpe	NM_013494	25214	0	0	1
290	Frg1	NM_013522	-141294	0	0	0
291	Hprt	NM_013556	479	1	0	1
292	Eif2ak1	NM_013557	-53718	0	0	0
293	Lifr	NM_013584	10279	0	0	1
294	Lifr	NM_013584	10302	0	0	1
295	Oprd1	NM_013622	-21297	0	0	0
296	Sema5b	NM_013661	104723	0	0	1
297	Zfp30	NM_013705	8226	0	1	0
298	Csnk1e	NM_013767	15756	0	1	0
299	Ndrg2	NM_013864	2777	0	1	0
300	Bcar3	NM_013867	-62864	0	0	0
301	Cabp1	NM_013879	-106	1	0	0
302	Pcsk1n	NM_013892	121	1	1	0
303	Adat1	NM_013925	3236	0	0	1
304	Gbx1	NM_015739	736	1	1	0
305	Aqp3	NM_016689	2498	0	0	1
306	C6	NM_016704	-42511	0	0	0
307	Batf	NM_016767	-17771	0	0	0
308	Tpmt	NM_016785	61	1	1	0
309	Chst3	NM_016803	35568	0	1	0
310	Ppp1r3c	NM_016854	7542	0	0	0
311	Olig1	NM_016968	9781	0	0	0
312	Rab11a	NM_017382	64414	0	0	1
313	Kat6b	NM_017479	944	1	0	1
314	Rassf5	NM_018750	19900	0	0	1
315	Zfp326	NM_018759	101851	0	0	0
316	Ntsr1	NM_018766	-11433	0	0	0
317	Egr3	NM_018781	-43094	0	0	1
318	Extl3	NM_018788	31929	0	0	1
319	Hils1	NM_018792	3624	0	1	0
320	Adgrg1	NM_018882	2220	0	0	1
321	Irgm2	NM_019440	9576	0	0	0
322	Ndufa1	NM_019443	-24	1	0	0
323	Uso1	NM_019490	-26677	0	0	0
324	Uchl5	NM_019562	77	1	1	0
325	Uchl5	NM_019562	84	1	1	0
326	Uchl5	NM_019562	102	1	1	0
327	Uchl5	NM_019562	86	1	1	0
328	Uchl5	NM_019562	97	1	1	0
329	Scamp4	NM_019575	3610	0	1	1
330	Plce1	NM_019588	97629	0	0	1
331	Plp2	NM_019755	71	1	1	0
332	Spen	NM_019763	32553	0	0	1
333	Pex14	NM_019781	24337	0	0	1
334	Tbk1	NM_019786	150	1	0	1
335	Trpc4ap	NM_019828	118	1	1	0
336	B4galt5	NM_019835	-23151	0	0	0
337	Tlx3	NM_019916	274	1	1	0
338	Pmfbp1	NM_019938	-24837	0	0	0
339	Stard10	NM_019990	12519	0	0	1
340	Pnkd	NM_019999	8073	0	0	1
341	B3galt2	NM_020025	-1137994	0	0	0
342	Nrxn1	NM_020252	-1030823	0	0	0
343	Slc16a8	NM_020516	-8872	0	0	1
344	Snrpa1	NM_021336	-40523	0	0	1
345	Tesc	NM_021344	9102	0	0	1
346	Htr6	NM_021358	-672	1	0	0
347	Caln1	NM_021371	293537	0	0	1
348	Taf1c	NM_021441	11904	0	0	1
349	Anapc5	NM_021505	19258	0	0	1
350	Moxd1	NM_021509	53950	0	0	1
351	Huwe1	NM_021523	29	1	1	0
352	Dact1	NM_021532	8265	0	1	0
353	Bhlhe22	NM_021560	1373	0	1	0
354	Midn	NM_021565	7994	0	0	1
355	Oca2	NM_021879	123638	0	0	1
356	Ube4b	NM_022022	25414	0	0	1
357	Mllt1	NM_022328	27538	0	0	1
358	Gprc5b	NM_022420	-28798	0	0	0
359	Ireb2	NM_022655	358	1	0	1
360	Pmepa1	NM_022995	-2666	0	0	0
361	Slco3a1	NM_023908	264173	0	0	1
362	Cstf1	NM_024199	2270	0	0	1
363	Ssbp2	NM_024272	610	1	0	1
364	Haao	NM_025325	-20602	0	0	0
365	Chchd3	NM_025336	78660	0	0	1
366	Tmed6	NM_025458	-3537	0	0	0
367	Thap2	NM_025780	-144	1	0	0
368	Cyb5a	NM_025797	11222	0	0	1
369	Rras2	NM_025846	52301	0	0	1
370	Ift27	NM_025931	13922	0	0	1
371	Eri1	NM_026067	-36660	0	0	0
372	Necap1	NM_026267	74	1	1	0
373	Dusp6	NM_026268	22902	0	0	0
374	Tm7sf3	NM_026281	21276	0	0	1
375	Tm7sf3	NM_026281	524	1	0	1
376	Pop5	NM_026398	-612	1	0	0
377	Pop5	NM_026398	-619	1	0	0
378	Mrrf	NM_026422	-14533	0	0	1
379	Cdc42ep3	NM_026514	20134	0	1	0
380	Bcas2	NM_026602	47519	0	0	0
381	Zdhhc21	NM_026647	97429	0	0	0
382	Tspan11	NM_026743	-21563	0	0	0
383	Srrm4	NM_026886	18781	0	0	1
384	1700008P02Rik	NM_027048	-200809	0	0	0
385	1700008O03Rik	NM_027049	22275	0	1	0
386	Ube2q1	NM_027315	94	1	1	0
387	Steap1	NM_027399	-678699	0	0	0
388	Steap1	NM_027399	-678711	0	0	0
389	Iqgap2	NM_027711	-100	1	0	0
390	Otud1	NM_027715	239381	0	0	0
391	Dhrs2	NM_027790	-52309	0	0	0
392	9030624J02Rik	NM_027815	33621	0	0	1
393	Izumo4	NM_027829	-159	1	0	0
394	Zbtb43	NM_027947	4918	0	0	1
395	1700019O17Rik	NM_027966	19129	0	0	0
396	Cfap45	NM_027972	8786	0	1	0
397	Lypd6b	NM_027990	-56687	0	0	1
398	Cnn3	NM_028044	-47318	0	0	0
399	Cnn3	NM_028044	-47297	0	0	0
400	Adpgk	NM_028121	-97318	0	0	0
401	Egln3	NM_028133	391278	0	0	1
402	Zfp131	NM_028245	429	1	0	1
403	Col16a1	NM_028266	20660	0	1	0
404	Asphd2	NM_028386	7384	0	0	0
405	Fezf1	NM_028462	-12445	0	0	0
406	Rassf6	NM_028478	5418	0	0	1
407	Ccsap	NM_028536	20732	0	0	0
408	Mbd3l1	NM_028557	3120	0	0	1
409	Vgll3	NM_028572	-190	1	0	0
410	Ccdc3	NM_028804	89960	0	0	1
411	Gtf2e1	NM_028812	3716	0	1	0
412	Kcnk16	NM_029006	30380	0	0	0
413	Kcnk16	NM_029006	30371	0	0	0
414	Spsb1	NM_029035	89304	0	0	0
415	Spsb1	NM_029035	89303	0	0	0
416	Kbtbd11	NM_029116	15172	0	0	1
417	Scamp1	NM_029153	93293	0	1	0
418	Bcor	NM_029510	253429	0	0	0
419	Bcor	NM_029510	81237	0	0	0
420	Sun5	NM_029599	13390	0	0	1
421	Pcolce2	NM_029620	46946	0	0	1
422	Plet1	NM_029639	-50637	0	0	0
423	Dok5	NM_029761	-35316	0	0	0
424	Lrg1	NM_029796	1711	0	1	0
425	Stk31	NM_029916	92506	0	0	0
426	Grifin	NM_030022	-2212	0	0	0
427	Pgpep1l	NM_030101	40567	0	0	1
428	Ddit4l	NM_030143	113442	0	0	0
429	Clip4	NM_030179	185688	0	1	0
430	Agbl4	NM_030231	501359	0	0	1
431	N4bp1	NM_030563	-152920	0	0	0
432	Syt13	NM_030725	-64355	0	0	0
433	Vmn1r171	NM_030737	-7176	0	0	0
434	Sf3b1	NM_031179	322	1	0	1
435	Tfec	NM_031198	101396	0	0	0
436	Zfp275	NM_031494	-41	1	0	0
437	Zfp275	NM_031494	-12	1	0	0
438	Tas1r2	NM_031873	-12882	0	1	0
439	Olig3	NM_053008	53108	0	0	0
440	Agpat3	NM_053014	-15986	0	0	0
441	Atg5	NM_053069	385	1	0	1
442	Csmd1	NM_053171	-412930	0	0	0
443	Foxp1	NM_053202	9629	0	0	1
444	Foxp2	NM_053242	-1422	0	0	0
445	Pip4k2b	NM_054051	-9192	0	0	1
446	Ivns1abp	NM_054102	-93779	0	0	0
447	Fezf2	NM_080433	3966	0	1	0
448	Tshz2	NM_080455	-128477	0	0	0
449	Trhr2	NM_133202	24076	0	1	0
450	Trhr2	NM_133202	24054	0	1	0
451	Trhr2	NM_133202	24045	0	1	0
452	Trhr2	NM_133202	24036	0	1	0
453	Trhr2	NM_133202	24027	0	1	0
454	Trhr2	NM_133202	24052	0	1	0
455	Cxxc5	NM_133687	4558	0	0	1
456	Ctdspl	NM_133710	10596	0	0	1
457	Ctdspl	NM_133710	-62163	0	0	1
458	Errfi1	NM_133753	23644	0	0	0
459	Asl	NM_133768	7838	0	0	1
460	Tmem132a	NM_133804	2865	0	0	1
461	D1Ertd622e	NM_133825	-137	1	0	0
462	D1Ertd622e	NM_133825	649	1	0	1
463	Gltscr2	NM_133831	209	1	1	0
464	C8b	NM_133882	-125041	0	0	1
465	C8b	NM_133882	-124997	0	0	1
466	Pxn	NM_133915	8789	0	0	1
467	Mlxip	NM_133917	-24332	0	0	1
468	Rpn1	NM_133933	-28181	0	0	0
469	Rab15	NM_134050	4125	0	0	1
470	Slc38a1	NM_134086	48840	0	0	1
471	Actn1	NM_134156	52400	0	0	1
472	Vmn1r75	NM_134207	18943	0	0	0
473	Dgkg	NM_138650	85698	0	0	1
474	Nap1l3	NM_138742	1033172	0	0	0
475	Ube2e2	NM_144839	-233819	0	0	0
476	Fam49b	NM_144846	-118622	0	0	1
477	Mchr1	NM_145132	2650	0	1	0
478	Cerk	NM_145475	8811	0	0	1
479	Zfp521	NM_145492	317525	0	0	0
480	BC003331	NM_145511	-14375	0	0	1
481	Sbk1	NM_145587	765	1	0	1
482	Sbk1	NM_145587	19774	0	1	0
483	Sbk1	NM_145587	729	1	0	1
484	Sbk1	NM_145587	19817	0	1	0
485	Sbk1	NM_145587	19767	0	1	0
486	Lin28a	NM_145833	1150	0	0	1
487	8430408G22Rik	NM_145980	1061	0	1	1
488	Hip1	NM_146001	-586	1	0	0
489	Lrrc3b	NM_146052	-152200	0	0	0
490	Lrrc3b	NM_146052	-121192	0	0	0
491	Zadh2	NM_146090	241481	0	0	1
492	Habp2	NM_146101	2632	0	0	1
493	Ipo13	NM_146152	-117	1	0	0
494	Armc5	NM_146205	-278	1	1	0
495	Cmtr2	NM_146215	14319	0	0	0
496	Rp1l1	NM_146246	29545	0	1	0
497	Olfr720	NM_146392	-67651	0	0	0
498	Olfr720	NM_146392	-72885	0	0	0
499	Pom121	NM_148932	-61283	0	0	1
500	Gipc3	NM_148951	2067	0	1	0
501	Plk2	NM_152804	136477	0	0	0
502	Slc44a2	NM_152808	681	1	0	1
503	Kcnq3	NM_152923	40271	0	0	1
504	Hrh4	NM_153087	356270	0	0	0
505	Prss42	NM_153099	-15476	0	0	0
506	Unc5a	NM_153131	-53940	0	0	0
507	Mical3	NM_153396	36316	0	0	1
508	Syne1	NM_153399	4614	0	0	1
509	Ankrd23	NM_153502	-5179	0	0	1
510	Kcng3	NM_153512	695	1	1	0
511	Opalin	NM_153520	-51392	0	1	0
512	Atg4d	NM_153583	44	1	1	0
513	Cdk8	NM_153599	29430	0	0	1
514	Snx17	NM_153680	496	1	0	1
515	Ipo9	NM_153774	-5973	0	1	0
516	Ipo9	NM_153774	-5966	0	1	0
517	Aifm2	NM_153779	17782	0	1	1
518	Cpne7	NM_170684	13983	0	0	1
519	Entpd6	NM_172117	4165	0	1	0
520	Vps18	NM_172269	8612	0	1	0
521	Plcg2	NM_172285	-9520	0	0	0
522	Tshz3	NM_172298	309014	0	0	0
523	Tshz3	NM_172298	-217109	0	0	0
524	Nhlrc3	NM_172501	10689	0	1	0
525	Lrrc1	NM_172528	32405	0	0	1
526	Alx1	NM_172553	150729	0	0	0
527	Hlf	NM_172563	9391	0	0	1
528	Naprt	NM_172607	10355	0	0	0
529	Sh3tc2	NM_172628	96871	0	0	0
530	Sh3tc2	NM_172628	-1117	0	0	0
531	Mapk4	NM_172632	900	1	0	1
532	Prrc2b	NM_172661	22504	0	0	1
533	Prrc2b	NM_172661	440	1	0	1
534	Gcn1l1	NM_172719	4246	0	0	1
535	Mtmr10	NM_172742	-72	1	0	0
536	Gramd1b	NM_172768	-83898	0	0	0
537	Sh3rf3	NM_172788	-3675	0	0	0
538	Fmo9	NM_172844	-152569	0	0	0
539	2900026A02Rik	NM_172884	-11635	0	0	0
540	2900026A02Rik	NM_172884	-11660	0	0	0
541	2900026A02Rik	NM_172884	25895	0	0	1
542	Man2a2	NM_172903	30	1	1	0
543	Tbcel	NM_173038	15582	0	0	1
544	Gpr26	NM_173410	-129925	0	0	0
545	Fam110b	NM_173426	119068	0	0	1
546	Fam110b	NM_173426	119078	0	0	1
547	Nrip1	NM_173440	-165451	0	0	0
548	Rccd1	NM_173445	-1765	0	0	1
549	Tdrp	NM_173744	42	1	1	0
550	Slc45a1	NM_173774	-24088	0	0	0
551	Klf8	NM_173780	122006	0	0	1
552	Disc1	NM_174853	206494	0	0	1
553	Disc1	NM_174853	106612	0	0	1
554	Cdh22	NM_174988	5392	0	0	1
555	Adgrb1	NM_174991	-65285	0	0	0
556	Bcor	NM_175046	-11305	0	0	1
557	Stbd1	NM_175096	-188	1	0	0
558	Tmem177	NM_175106	-32846	0	0	1
559	Stox2	NM_175162	-33238	0	0	0
560	Rassf10	NM_175279	354	1	1	0
561	Ano6	NM_175344	39280	0	0	1
562	Zdhhc15	NM_175358	272	1	1	0
563	Tspan9	NM_175414	78980	0	0	1
564	Tmem74	NM_175502	158146	0	0	0
565	Hist1h2ba	NM_175663	2813	0	0	0
566	C030006K11Rik	NM_176828	-1146	0	1	0
567	Bptf	NM_176850	-4562	0	0	0
568	Dusp4	NM_176933	-79760	0	0	0
569	Galm	NM_176963	2340	0	0	1
570	Trappc8	NM_177038	324	1	0	1
571	Cenpt	NM_177150	-140	1	0	0
572	Atp2b3	NM_177236	227	1	1	0
573	Atp2b3	NM_177236	225	1	1	0
574	Gk5	NM_177352	34748	0	0	1
575	Tnfsf15	NM_177371	3080	0	0	1
576	Usp46	NM_177561	64559	0	0	1
577	Arhgef15	NM_177566	4981	0	0	1
578	Mkx	NM_177595	14460	0	0	1
579	Fam43a	NM_177632	112831	0	0	1
580	Zfp507	NM_177739	-358489	0	0	0
581	Zfp507	NM_177739	-354541	0	0	0
582	Ccdc60	NM_177759	95647	0	0	1
583	Trpa1	NM_177781	-176861	0	0	0
584	Fam163a	NM_177838	183	1	1	0
585	Med12l	NM_177855	16342	0	0	1
586	Piwil4	NM_177905	1486	0	0	1
587	Dgkk	NM_177914	-93714	0	0	0
588	Arel1	NM_178065	689	1	0	1
589	Fa2h	NM_178086	-30660	0	0	0
590	Cox10	NM_178379	68494	0	0	1
591	Zfp74	NM_178384	17397	0	1	0
592	Tmem108	NM_178638	86791	0	0	1
593	Lpp	NM_178665	-200364	0	0	0
594	Depdc1b	NM_178683	91093	0	0	0
595	Slc6a1	NM_178703	48804	0	0	0
596	Prr18	NM_178774	433	1	1	0
597	Ldlrad3	NM_178886	114481	0	0	1
598	Hepacam2	NM_178899	30935	0	0	1
599	Trappc9	NM_180662	-35	1	0	0
600	Pxdn	NM_181395	64702	0	1	0
601	Pof1b	NM_181579	-70990	0	0	0
602	A430033K04Rik	NM_183025	24514	0	1	0
603	Pcmtd1	NM_183028	64724	0	0	1
604	Plekhm1	NM_183034	-92708	0	0	0
605	4931429L15Rik	NM_183104	-123451	0	0	0
606	Elfn2	NM_183141	46118	0	1	0
607	Fat4	NM_183221	1023	0	1	0
608	Nr2f2	NM_183261	-521140	0	0	0
609	Coa4	NM_183270	2055	0	1	0
610	Dhrs13	NM_183286	354	1	1	0
611	Sgsm2	NM_197943	29383	0	1	0
612	Tanc1	NM_198294	290	1	0	1
613	Mtss1l	NM_198625	6171	0	0	1
614	Cdh26	NM_198656	236439	0	0	0
615	Stpg2	NM_198659	616004	0	0	0
616	B4galnt3	NM_198884	99167	0	0	1
617	Flrt2	NM_201518	-1378451	0	0	0
618	Dedd2	NM_207677	13871	0	0	1
619	Bcl2l11	NM_207680	-28111	0	0	1
620	Acsm3	NM_212442	-18635	0	0	0
621	Terc	NR_001579	10256	0	0	0
622	Gm12070	NR_002890	661091	0	0	0
623	Pla2g2a	NR_002926	-4631	0	0	1
624	4930448K20Rik	NR_004448	-255993	0	0	0
625	3830408C21Rik	NR_015471	223618	0	0	0
626	LOC100043315	NR_015482	-79724	0	0	1
627	2610035D17Rik	NR_015556	114705	0	0	1
628	2610035D17Rik	NR_015556	114680	0	0	1
629	1500011B03Rik	NR_027818	17409	0	0	1
630	BB123696	NR_027893	2564	0	0	1
631	2210417A02Rik	NR_028285	68760	0	0	0
632	4930503E24Rik	NR_028310	83263	0	0	0
633	Gm17762	NR_028378	-1043	0	1	0
634	Mirt1	NR_028427	23224	0	1	0
635	Tmem161b	NR_029419	59557	0	0	1
636	Mirlet7i	NR_029527	72075	0	0	1
637	Mir126a	NR_029541	-1986	0	1	0
638	Mirlet7c-2	NR_029729	-886	1	0	0
639	Mir34a	NR_029751	-1075	0	0	0
640	Mir340	NR_029769	18864	0	0	1
641	Mir139	NR_029791	-11058	0	0	1
642	Mir582	NR_030644	-207790	0	0	1
643	Mir582	NR_030644	-207779	0	0	1
644	A930011G23Rik	NR_030692	-97829	0	0	0
645	Gm4792	NR_033209	-79289	0	0	0
646	Gm4792	NR_033209	49072	0	0	0
647	1700025C18Rik	NR_033448	-59719	0	0	1
648	Gm11468	NR_033467	50076	0	0	0
649	Gm11468	NR_033467	44143	0	0	0
650	Spn-ps	NR_033583	-22665	0	0	0
651	Gm13498	NR_033595	-23072	0	0	0
652	Crnde	NR_033641	207	1	1	0
653	Zscan4a	NR_033707	23070	0	0	0
654	Gm6525	NR_036654	14801	0	0	1
655	Mir3106	NR_037214	262814	0	1	0
656	Mir3079	NR_037240	-49044	0	0	1
657	Mir3102	NR_037289	1106	0	1	0
658	Mir3102	NR_037289	5795	0	1	0
659	Mir3102	NR_037289	5794	0	1	0
660	Mir3102	NR_037289	-8249	0	0	1
661	Gm20268	NR_037989	1145947	0	0	0
662	2310043L19Rik	NR_037994	-40809	0	0	0
663	Gm20110	NR_038019	-71378	0	0	0
664	1700028I16Rik	NR_038042	4585	0	0	1
665	Lhx1os	NR_038057	65566	0	0	0
666	Six3os1	NR_038086	151160	0	0	0
667	Mir378b	NR_039545	15170	0	0	1
668	Mir378b	NR_039545	21252	0	0	1
669	1700017J07Rik	NR_040326	9629	0	0	0
670	A230028O05Rik	NR_040374	-320	1	0	0
671	5730403I07Rik	NR_040378	18229	0	0	1
672	1700063D05Rik	NR_040392	11113	0	0	1
673	Gm15708	NR_040432	24188	0	0	1
674	1700047G03Rik	NR_040447	-16578	0	0	0
675	9230112J17Rik	NR_040463	505	1	0	1
676	1700066B17Rik	NR_040465	12637	0	0	0
677	4930448I06Rik	NR_040475	-715625	0	0	0
678	C030007H22Rik	NR_040482	73538	0	0	0
679	Sox5os3	NR_040519	110126	0	0	0
680	4930548K13Rik	NR_040656	-720931	0	0	0
681	BC039966	NR_040670	103729	0	0	0
682	6030466F02Rik	NR_040702	17661	0	0	0
683	4933422A05Rik	NR_040715	60109	0	0	0
684	0610040F04Rik	NR_040757	161540	0	0	1
685	Gm20187	NR_045052	54372	0	0	0
686	1110015O18Rik	NR_045272	-1442	0	0	0
687	5430437J10Rik	NR_045274	315225	0	0	0
688	4933411E08Rik	NR_045342	22347	0	1	0
689	4930401C15Rik	NR_045349	128844	0	0	0
690	4933433H22Rik	NR_045458	50809	0	0	0
691	1700029N11Rik	NR_045489	111250	0	0	0
692	4930486I03Rik	NR_045734	121781	0	0	1
693	2310043O21Rik	NR_045757	20840	0	0	1
694	Zfp652os	NR_045780	4382	0	0	1
695	1700025K24Rik	NR_045825	-50597	0	0	0
696	4921511I17Rik	NR_045829	28184	0	0	1
697	E130006D01Rik	NR_045832	-67880	0	0	0
698	Gm5420	NR_045843	-468	1	0	0
699	Gm4827	NR_045935	-94592	0	0	0
700	4930432J09Rik	NR_045953	73304	0	0	0
701	Gm8179	NR_046039	-96794	0	0	0
702	4931430N09Rik	NR_046053	-66408	0	0	1
703	D730050B12Rik	NR_046196	-44331	0	0	0
704	Rn45s	NR_046233	577	1	1	0
705	Rn45s	NR_046233	579	1	1	0
706	Best2	NR_052011	-2416	0	0	0
707	A930016O22Rik	NR_073015	-13261	0	1	0
708	D830026I12Rik	NR_102305	-28704	0	0	0
709	Ano4	NR_102339	-87236	0	0	0
710	Ano4	NR_102339	-87192	0	0	0
711	Gm2087	NR_102437	-135947	0	0	0
