	name	feature.name	dist.to.feature	prom	exon	intron
1	Fbxo41	NM_001001160	21887	0	0	1
2	Dab2ip	NM_001001602	-28796	0	0	1
3	Dab2ip	NM_001001602	-29087	0	0	1
4	Prrxl1	NM_001001796	-321	1	0	0
5	Zfp36l2	NM_001001806	5634	0	0	0
6	A430105I19Rik	NM_001001982	304	1	0	1
7	Nat8l	NM_001001985	165	1	1	0
8	Panx2	NM_001002005	7957	0	1	0
9	Rpl17	NM_001002239	249	1	0	1
10	Ddx11	NM_001003919	145514	0	0	0
11	Brsk1	NM_001003920	13825	0	0	1
12	Zfp619	NM_001004139	34913	0	0	0
13	Slc13a5	NM_001004148	4615	0	0	1
14	Fam222a	NM_001004180	10123	0	0	1
15	Whamm	NM_001004185	405	1	1	0
16	Eif2a	NM_001005509	-187	1	1	0
17	Lmtk3	NM_001005511	10254	0	1	0
18	Mtus1	NM_001005864	-28028	0	1	0
19	Adora1	NM_001008533	17987	0	0	1
20	Mxi1	NM_001008542	-11135	0	0	0
21	Unc13d	NM_001009573	14277	0	1	0
22	Armcx5	NM_001009575	243	1	1	0
23	Sept11	NM_001009818	54889	0	0	1
24	A3galt2	NM_001009819	13621	0	0	0
25	A3galt2	NM_001009819	13589	0	0	0
26	Olfr1463	NM_001011840	35548	0	0	0
27	Slc25a47	NM_001012310	9437	0	1	1
28	E2f8	NM_001013368	-646	1	0	0
29	Zfp930	NM_001013379	-32412	0	0	0
30	Dync1li2	NM_001013380	254	1	1	0
31	Lrrc52	NM_001013382	6495	0	0	1
32	Lingo3	NM_001013758	143	1	0	1
33	Capn11	NM_001013767	-10793	0	0	1
34	Gm973	NM_001013771	24429	0	0	1
35	Dyrk2	NM_001014390	152022	0	0	0
36	Dyrk2	NM_001014390	-89190	0	0	0
37	Dyrk2	NM_001014390	527	1	0	1
38	Snx13	NM_001014973	142692	0	0	0
39	Fam189b	NM_001014995	-1327	0	0	1
40	Btbd11	NM_001017525	10323	0	0	1
41	Otol1	NM_001018031	325540	0	0	0
42	Trim15	NM_001024134	9181	0	1	0
43	Mctp2	NM_001024703	-135771	0	0	0
44	Gm5458	NM_001024706	285700	0	0	0
45	Ifi214	NM_001024721	-21054	0	0	0
46	Ankrd34a	NM_001024851	61	1	1	0
47	Sept10	NM_001024910	172326	0	1	0
48	Bod1	NM_001024919	36489	0	0	0
49	Eno1b	NM_001025388	63381	0	0	0
50	Eno1b	NM_001025388	63381	0	0	0
51	Src	NM_001025395	63363	0	0	0
52	Maf	NM_001025577	389003	0	0	1
53	Cadm1	NM_001025600	27751	0	0	1
54	Olfm4	NM_001030294	1444955	0	0	0
55	Sdhaf1	NM_001033140	276	1	1	0
56	Fbxo33	NM_001033156	-212055	0	0	0
57	Usp31	NM_001033173	-5792	0	0	0
58	Gm732	NM_001033252	-265855	0	0	0
59	Stox1	NM_001033260	-3484	0	0	0
60	Qrich2	NM_001033267	-2321	0	0	0
61	Cdc42bpa	NM_001033285	-42723	0	0	0
62	Zbtb16	NM_001033324	10879	0	0	1
63	Cdc42bpg	NM_001033342	442	1	0	1
64	Grin3a	NM_001033351	-245907	0	0	0
65	Tmem211	NM_001033428	-12618	0	0	0
66	Wdr72	NM_001033500	337844	0	0	0
67	Ube2u	NM_001033773	-123432	0	0	1
68	Gm5820	NM_001033789	-77257	0	0	0
69	B020004J07Rik	NM_001033790	18921	0	0	0
70	Adamts17	NM_001033877	88152	0	0	1
71	Adamts17	NM_001033877	88153	0	0	1
72	Fam92b	NM_001033980	-51956	0	0	0
73	Fam92b	NM_001033980	-117214	0	0	0
74	Gm4907	NM_001034864	261011	0	0	0
75	Dnaic2	NM_001034878	-6674	0	1	1
76	Agap1	NM_001037136	84346	0	0	1
77	Nfatc2	NM_001037178	-28905	0	0	0
78	Baiap2	NM_001037754	12929	0	0	1
79	Col28a1	NM_001037865	118118	0	0	1
80	Ets1	NM_001038642	14060	0	0	1
81	Defb26	NM_001039120	8542	0	0	0
82	Cd226	NM_001039149	113366	0	0	1
83	Rbfox3	NM_001039167	706	1	0	1
84	AI429214	NM_001039220	111450	0	0	0
85	Pigl	NM_001039536	-4	1	0	0
86	Edem3	NM_001039644	124517	0	0	0
87	Rasgrf1	NM_001039655	62761	0	0	1
88	Defb41	NM_001040027	-128075	0	0	0
89	Filip1l	NM_001040397	38375	0	0	1
90	Thsd4	NM_001040426	17894	0	0	1
91	Med15	NM_001040683	-3895	0	0	0
92	Txnrd1	NM_001042523	-3723	0	0	0
93	Eml1	NM_001043336	-22139	0	0	0
94	Hhipl1	NM_001044380	5603	0	1	0
95	Cyb5d1	NM_001045525	-84	1	0	0
96	Pik3r1	NM_001077495	21898	0	0	1
97	Pigw	NM_001077636	-13300	0	0	1
98	Sdhaf3	NM_001077713	55838	0	0	1
99	Sdhaf3	NM_001077713	221299	0	0	0
100	Bcl11b	NM_001079883	-85642	0	0	0
101	Bcl11b	NM_001079883	-565	1	0	0
102	Bcl11b	NM_001079883	-47070	0	0	0
103	Tmpo	NM_001080129	-9255	0	0	0
104	Gsg1	NM_001080553	-9032	0	0	0
105	Gtf2i	NM_001080749	17968	0	0	1
106	Prdm13	NM_001080771	-2949	0	0	0
107	Gm1123	NM_001080776	-51430	0	0	1
108	Trappc10	NM_001081055	-100	1	0	0
109	Slc9a3	NM_001081060	-402	1	0	0
110	Lrp2	NM_001081088	93620	0	1	0
111	Grik3	NM_001081097	-125587	0	0	0
112	Arhgap36	NM_001081123	69	1	1	0
113	Kcna10	NM_001081140	-29338	0	0	0
114	Prickle2	NM_001081146	-22893	0	0	0
115	Npat	NM_001081152	-157	1	0	0
116	Chsy1	NM_001081163	-381	1	0	0
117	Lama5	NM_001081171	20876	0	0	1
118	Adgrf5	NM_001081178	2783	0	0	1
119	Adgrf5	NM_001081178	-55328	0	0	0
120	B3glct	NM_001081204	293	1	0	1
121	Prdm14	NM_001081209	-31346	0	0	1
122	2410131K14Rik	NM_001081236	49499	0	0	0
123	Tln2	NM_001081242	-47454	0	0	0
124	Myh13	NM_001081250	101591	0	0	0
125	Tmem28	NM_001081283	-310	1	0	0
126	Fat1	NM_001081286	-202890	0	0	0
127	Fat1	NM_001081286	-202885	0	0	0
128	Fat1	NM_001081286	-202870	0	0	0
129	Arhgef26	NM_001081295	-180491	0	0	0
130	Mphosph9	NM_001081323	101	1	1	0
131	Neto2	NM_001081324	-30235	0	0	1
132	Hs3st2	NM_001081327	-141321	0	0	0
133	Hs3st2	NM_001081327	-65	1	0	0
134	Plekhg4	NM_001081333	2065	0	0	1
135	Rimbp2	NM_001081388	107060	0	0	1
136	1810013L24Rik	NM_001081400	383375	0	0	0
137	1810013L24Rik	NM_001081400	993	1	0	1
138	Agmat	NM_001081408	3340	0	0	1
139	Gltscr1	NM_001081418	11153	0	1	0
140	Camta1	NM_001081557	296102	0	0	1
141	Tmprss9	NM_001081688	9950	0	0	1
142	Lhx6	NM_001083125	-3414	0	0	0
143	Magi1	NM_001083321	214569	0	0	1
144	Spata31d1c	NM_001083890	19711	0	0	0
145	Nr3c2	NM_001083906	230578	0	0	1
146	Xirp2	NM_001083919	-45971	0	0	0
147	Zfp467	NM_001085416	6182	0	1	1
148	H2al1k	NM_001085537	-18034	0	0	0
149	Tcp11	NM_001085555	-16752	0	0	0
150	Kif26a	NM_001097621	30407	0	1	0
151	Nr1i2	NM_001098404	89311	0	0	1
152	Nr1i2	NM_001098404	13658	0	0	1
153	Tox2	NM_001098799	-36789	0	0	0
154	Pik3c2b	NM_001099276	17426	0	0	1
155	Ajap1	NM_001099299	538	1	1	0
156	Ajap1	NM_001099299	-118322	0	0	0
157	Ajap1	NM_001099299	297546	0	0	0
158	Sult2a4	NM_001101534	-469	1	0	0
159	Gm7244	NM_001101597	-17477	0	0	0
160	Kazn	NM_001109685	-261509	0	0	0
161	Banp	NM_001110100	91542	0	0	0
162	Serac1	NM_001111017	44323	0	1	0
163	Cd34	NM_001111059	99	1	1	0
164	Sox5	NM_001113559	159386	0	0	1
165	Fam189a2	NM_001114174	55386	0	1	0
166	H2al1j	NM_001114529	18136	0	0	0
167	Epha7	NM_001122889	-962097	0	0	0
168	Tfap2a	NM_001122948	20221	0	0	0
169	Prdm12	NM_001123362	14582	0	1	0
170	Pparg	NM_001127330	538	1	0	1
171	Cyld	NM_001128170	159748	0	0	0
172	Epb41	NM_001128606	65	1	1	1
173	Il9r	NM_001134458	71168	0	0	0
174	CK137956	NM_001134733	211781	0	0	0
175	CK137956	NM_001134733	211788	0	0	0
176	CK137956	NM_001134733	-19017	0	0	0
177	Ppp2r5c	NM_001135001	-73685	0	0	0
178	Ccdc36	NM_001135198	-3374	0	0	0
179	3110062M04Rik	NM_001135611	-39	1	0	0
180	Naa20	NM_001141965	-35218	0	0	1
181	Tpx2	NM_001141977	15	1	1	0
182	Acss3	NM_001142804	165800	0	0	1
183	Tcf7l2	NM_001142924	102407	0	0	0
184	H2-Q4	NM_001143689	-60	1	0	0
185	Ppfia4	NM_001144855	19444	0	0	1
186	Spg20	NM_001144987	11159	0	0	1
187	Arhgap40	NM_001145015	38076	0	0	0
188	Arhgap40	NM_001145015	11957	0	0	1
189	Gm13889	NM_001145034	-649	1	0	0
190	Arhgef33	NM_001145452	15241	0	0	1
191	Rfx8	NM_001145660	-13106	0	0	0
192	Rfx8	NM_001145660	32574	0	0	1
193	Gse1	NM_001145896	13308	0	0	1
194	Tenm3	NM_001145937	-20995	0	0	0
195	Mrps10	NM_001146211	-12	1	0	0
196	Per1	NM_001159367	586	1	1	0
197	Gjc1	NM_001159382	425	1	0	1
198	Ces3b	NM_001159415	15467	0	0	0
199	Ces3b	NM_001159415	15504	0	0	0
200	Fip1l1	NM_001159574	49667	0	0	1
201	Lnx1	NM_001159577	-2912	0	0	0
202	Cnih3	NM_001160212	-58856	0	0	0
203	Celf2	NM_001160292	-102177	0	0	1
204	Kif26b	NM_001161665	311292	0	0	1
205	Siva1	NM_001161737	12292	0	1	0
206	Hsd3b3	NM_001161742	-16183	0	0	0
207	Myh11	NM_001161775	19576	0	0	1
208	Mroh1	NM_001162489	10821	0	0	1
209	Troap	NM_001162506	1840	0	0	1
210	Fam174b	NM_001162532	36719	0	0	0
211	Mdm1	NM_001162904	-27943	0	0	0
212	1700024P16Rik	NM_001162980	4851	0	0	1
213	Dnajc13	NM_001163026	-3756	0	0	0
214	Cog5	NM_001163126	181	1	0	1
215	Etv1	NM_001163154	185091	0	0	0
216	Etv1	NM_001163154	185119	0	0	0
217	Etv1	NM_001163154	50210	0	0	1
218	Enthd1	NM_001163189	129857	0	0	0
219	Cdc42ep4	NM_001163346	-104400	0	0	1
220	Tmem170b	NM_001163572	148	1	0	1
221	Sult6b1	NM_001163625	2485	0	0	1
222	Nlrx1	NM_001163742	-5003	0	1	0
223	Pdik1l	NM_001163794	990	1	0	1
224	Tgif1	NM_001164074	-18683	0	0	0
225	Tgif1	NM_001164077	139414	0	0	1
226	Tia1	NM_001164079	59	1	1	0
227	Gm4847	NM_001164312	49136	0	0	0
228	Dnajc6	NM_001164585	8559	0	0	1
229	Irf2bp2	NM_001164598	672	1	1	0
230	Atp13a4	NM_001164612	105	1	1	0
231	Rnf14	NM_001164621	-12	1	1	0
232	Endov	NM_001164636	-38725	0	0	0
233	Soga1	NM_001164663	30094	0	0	1
234	Soga1	NM_001164663	13236	0	0	1
235	Gm6710	NM_001164689	50228	0	0	0
236	Gm6710	NM_001164689	50228	0	0	0
237	Crlf2	NM_001164735	8935	0	0	0
238	Fam47c	NM_001164739	-59713	0	0	0
239	Robo3	NM_001164767	-27387	0	0	0
240	Mia2	NM_001165253	459	1	0	1
241	Akt1	NM_001165894	-534	1	0	0
242	Cldn14	NM_001165926	-27914	0	0	1
243	Rgs9	NM_001165934	39068	0	0	1
244	Lingo2	NM_001166001	289250	0	0	0
245	Hnrnpf	NM_001166427	416	1	0	1
246	Spock1	NM_001166463	463866	0	0	1
247	Spock1	NM_001166463	463875	0	0	1
248	Spock1	NM_001166463	423939	0	0	1
249	Vmn1r238	NM_001167539	117705	0	0	0
250	Ankrd50	NM_001167883	45291	0	0	0
251	Ephb1	NM_001168296	382162	0	0	1
252	Ephb1	NM_001168296	199540	0	0	1
253	Phf14	NM_001168382	271	1	1	0
254	Mapk14	NM_001168513	-279	1	0	1
255	Tsku	NM_001168540	130	1	0	1
256	Slc35b3	NM_001170431	-311082	0	0	0
257	Slc35b3	NM_001170431	-311085	0	0	0
258	A4galt	NM_001170954	249	1	0	1
259	Mta3	NM_001171054	30752	0	0	1
260	Cuedc1	NM_001172099	13728	0	1	0
261	Rbms3	NM_001172123	78414	0	0	1
262	Krt36	NM_001174099	3327	0	1	0
263	Gm6760	NM_001177377	496172	0	0	0
264	Gm6588	NM_001177504	22285	0	1	0
265	Gm6588	NM_001177504	37527	0	0	1
266	Gm7102	NM_001177513	97267	0	0	1
267	Gm3985	NM_001177589	-30040	0	0	0
268	Slc45a3	NM_001177628	290	1	0	1
269	Slc45a3	NM_001177628	342	1	0	1
270	Etl4	NM_001177631	41143	0	0	1
271	Nsmf	NM_001177654	-32874	0	0	1
272	Eif2ak4	NM_001177806	43424	0	0	1
273	Dcdc2c	NM_001177964	29799	0	0	1
274	Dcdc2c	NM_001177964	478148	0	0	0
275	Mrps36	NM_001190264	139	1	0	1
276	Fsd1l	NM_001195284	292	1	0	1
277	Arhgap32	NM_001195632	-83308	0	0	0
278	Lrrc74a	NM_001195767	68121	0	0	0
279	Slc4a4	NM_001197147	44590	0	0	1
280	Arhgef2	NM_001198913	12828	0	0	1
281	Tjp2	NM_001198985	29905	0	0	1
282	Slc7a9	NM_001199015	-13440	0	0	1
283	Slc19a1	NM_001199271	-1673	0	0	0
284	Sult2a8	NM_001199306	68150	0	0	0
285	2410004P03Rik	NM_001201332	-9021	0	0	0
286	Pnoc	NM_001205075	1636	0	0	1
287	Psat1	NM_001205339	86066	0	0	0
288	Ppfia2	NM_001205341	85485	0	0	1
289	Fam105a	NM_001242424	-125617	0	0	1
290	Gm3264	NM_001242945	218770	0	0	0
291	Gm3264	NM_001242945	218770	0	0	0
292	Sema3a	NM_001243072	-301629	0	0	0
293	Gm4791	NM_001243258	-10762	0	0	0
294	Lactbl1	NM_001243262	33151	0	0	1
295	Lactbl1	NM_001243262	13166	0	1	0
296	Lactbl1	NM_001243262	38056	0	1	0
297	Ncmap	NM_001243305	-4625	0	0	1
298	Fam19a5	NM_001252310	386	1	0	1
299	Fam19a5	NM_001252310	-110154	0	0	0
300	Slc6a15	NM_001252330	242119	0	0	0
301	Ptprs	NM_001252455	979	1	0	1
302	St6gal1	NM_001252505	31005	0	1	0
303	St6gal1	NM_001252506	10339	0	0	1
304	Cdh23	NM_001252635	115500	0	0	1
305	Tbc1d7	NM_001252639	-40327	0	0	1
306	Kcnab2	NM_001252655	11863	0	0	1
307	Serinc2	NM_001253386	11388	0	0	1
308	Fstl5	NM_001253719	78022	0	0	1
309	Fstl5	NM_001253719	686951	0	0	0
310	Tet1	NM_001253857	-7164	0	0	0
311	Tcf12	NM_001253865	-43450	0	0	0
312	Apbb1	NM_001253887	1698	0	1	0
313	Gbp4	NM_001256005	-39855	0	0	0
314	7530416G11Rik	NM_001256072	-4489	0	0	0
315	7530416G11Rik	NM_001256072	-4507	0	0	0
316	Mtif3	NM_001256101	5445	0	0	1
317	Eif4g3	NM_001256198	6813	0	0	1
318	E030018B13Rik	NM_001256311	-172355	0	0	1
319	Epha10	NM_001256432	-8326	0	0	0
320	Igip	NM_001267796	20338	0	0	0
321	Ccdc30	NM_001270435	93	1	1	0
322	Calcoco2	NM_001271018	7406	0	0	1
323	Hdac9	NM_001271386	33956	0	0	1
324	Cd82	NM_001271462	2516	0	0	1
325	Insig2	NM_001271532	143	1	1	1
326	Cdc7	NM_001271566	87434	0	0	0
327	AA414768	NM_001272033	-19944	0	0	0
328	Eno3	NM_001276285	1596	0	0	1
329	Syt6	NM_001276676	-69936	0	0	0
330	Syt6	NM_001276676	-69937	0	0	0
331	Zmat4	NM_001277239	99283	0	0	1
332	Tbxa2r	NM_001277265	3979	0	1	0
333	Ank1	NM_001277281	-203	1	0	1
334	Grip1	NM_001277292	-404	1	0	0
335	Grip1	NM_001277295	-22162	0	0	1
336	Pex5	NM_001277330	4339	0	0	1
337	Pex5	NM_001277330	4284	0	0	1
338	Cryaa	NM_001278570	84846	0	0	0
339	Umod	NM_001278605	2462	0	1	0
340	Acvr2a	NM_007396	-1128530	0	0	0
341	Adcy7	NM_007406	410	1	0	1
342	Adra2c	NM_007418	922	1	1	0
343	Adrb2	NM_007420	202	1	1	0
344	Arg1	NM_007482	-88886	0	0	0
345	Barx1	NM_007526	5551	0	0	0
346	Barx1	NM_007526	5549	0	0	0
347	Bcl2a1c	NM_007535	-124598	0	0	0
348	Bmi1	NM_007552	639	1	0	1
349	Bmi1	NM_007552	143	1	1	0
350	Bmp2	NM_007553	24577	0	0	0
351	Bmpr1b	NM_007560	400	1	0	1
352	Zfp36l1	NM_007564	-1459	0	0	0
353	Birc6	NM_007566	602	1	0	1
354	Cacng1	NM_007582	80346	0	0	1
355	Car4	NM_007607	6366	0	1	0
356	Cbx4	NM_007625	-6792	0	0	0
357	Cbx4	NM_007625	-46465	0	0	0
358	Cbx4	NM_007625	5125	0	1	0
359	Cdh8	NM_007667	409	1	0	1
360	Cdkn2c	NM_007671	7823	0	0	0
361	Cdx2	NM_007673	2267	0	0	1
362	Cenpc1	NM_007683	204901	0	0	0
363	Cfl1	NM_007687	141	1	1	0
364	Chl1	NM_007697	476899	0	0	0
365	Elovl3	NM_007703	5261	0	1	0
366	Cit	NM_007708	68588	0	0	1
367	Cmah	NM_007717	86557	0	0	0
368	Cnr1	NM_007726	-146	1	0	0
369	Cox7c	NM_007749	-1081595	0	0	0
370	Cox7c	NM_007749	-1081698	0	0	0
371	Cpd	NM_007754	56	1	1	0
372	Cyb561	NM_007805	154095	0	0	1
373	Cyp3a11	NM_007818	-58791	0	0	0
374	Cyp3a16	NM_007820	-53269	0	0	0
375	Ddost	NM_007838	5664	0	0	1
376	Dpep1	NM_007876	-1398	0	0	0
377	Elf3	NM_007921	31677	0	0	0
378	Elk4	NM_007923	809	1	0	1
379	Eln	NM_007925	16106	0	0	1
380	Epha8	NM_007939	966	1	0	1
381	Ercc1	NM_007948	-2898	0	0	0
382	Ercc1	NM_007948	-2861	0	0	0
383	Esr1	NM_007956	9422	0	0	1
384	Evl	NM_007965	-791	1	0	1
385	F9	NM_007979	-432051	0	0	0
386	Fgd1	NM_008001	526	1	1	0
387	Fgd1	NM_008001	544	1	1	0
388	Fgd1	NM_008001	551	1	1	0
389	Frat1	NM_008043	2619	0	0	0
390	Igfbp7	NM_008048	-175	1	0	0
391	Gaa	NM_008064	9840	0	0	1
392	Gabrb1	NM_008069	163523	0	0	1
393	Gabrb1	NM_008069	163488	0	0	1
394	Gabrb1	NM_008069	163490	0	0	1
395	Gabrb3	NM_008071	340287	0	0	0
396	Gdi2	NM_008112	141	1	1	0
397	Gja4	NM_008120	1247	0	1	0
398	Gnai2	NM_008138	5070	0	0	1
399	Gnai2	NM_008138	-8433	0	0	0
400	Gnb1	NM_008142	885	1	0	1
401	Grin2d	NM_008172	285	1	1	0
402	Hint1	NM_008248	523	1	0	1
403	Hlx	NM_008250	4556	0	1	0
404	Hmgb3	NM_008253	831	1	0	1
405	Foxa3	NM_008260	8849	0	1	0
406	Hsd17b3	NM_008291	94910	0	0	0
407	Ndst1	NM_008306	24255	0	1	0
408	Htr1a	NM_008308	145	1	1	0
409	Ibsp	NM_008318	4008	0	0	1
410	Irf8	NM_008320	168490	0	0	0
411	Id3	NM_008321	-18161	0	0	0
412	Il3ra	NM_008369	804	1	0	1
413	Il7	NM_008371	-54786	0	0	0
414	Itgb2l	NM_008405	17388	0	1	0
415	Kcnd1	NM_008423	-795	1	0	0
416	Napsa	NM_008437	246	1	1	0
417	Kif3a	NM_008443	20848	0	0	1
418	Kpna3	NM_008466	257	1	0	1
419	Lama1	NM_008480	91169	0	0	1
420	Lamb1	NM_008482	37460	0	0	1
421	Lcat	NM_008490	-6254	0	1	0
422	Epcam	NM_008532	-32181	0	0	0
423	Marcks	NM_008538	-258713	0	0	0
424	Mc3r	NM_008561	-68647	0	0	0
425	Mc3r	NM_008561	-70858	0	0	0
426	Abcc1	NM_008576	97788	0	0	1
427	Mep1a	NM_008585	47710	0	0	1
428	Mgp	NM_008597	-8439	0	0	0
429	Mmp14	NM_008608	7819	0	1	0
430	Mmp15	NM_008609	39376	0	0	0
431	Mras	NM_008624	431	1	0	1
432	Mttp	NM_008642	8627	0	0	1
433	Myom2	NM_008664	56374	0	0	1
434	Ncoa3	NM_008679	-7016	0	0	0
435	Nkx2-3	NM_008699	135	1	1	0
436	Nkx2-3	NM_008699	25	1	1	0
437	Nkx2-3	NM_008699	4027	0	0	0
438	Nmbr	NM_008703	504660	0	0	0
439	Npas1	NM_008718	1263	0	1	0
440	Nptx1	NM_008730	22925	0	0	0
441	Ntrk2	NM_008745	-145	1	0	0
442	Orm1	NM_008768	-16006	0	1	0
443	Orm1	NM_008768	-26591	0	0	1
444	Orm1	NM_008768	-18800	0	0	1
445	Pdcd2	NM_008799	-9215	0	0	0
446	Pdcd2	NM_008799	-9241	0	0	0
447	Pdha1	NM_008810	513	1	0	1
448	Pdha2	NM_008811	699747	0	0	0
449	Pdha2	NM_008811	-94851	0	0	0
450	Pecam1	NM_008816	31582	0	0	1
451	Prkcb	NM_008855	487	1	0	1
452	Prkci	NM_008857	43110	0	0	1
453	Pkia	NM_008862	-103	1	0	0
454	Phox2b	NM_008888	2592	0	1	0
455	Pola1	NM_008892	-384	1	0	0
456	Pola2	NM_008893	11892	0	0	1
457	Pomc	NM_008895	24677	0	0	1
458	Ctsa	NM_008906	5671	0	1	0
459	Inpp5k	NM_008916	5761	0	0	1
460	Aldh1a2	NM_009022	-269	1	0	0
461	Rara	NM_009024	-1107	0	0	0
462	Rbpjl	NM_009036	-22515	0	0	0
463	Rcvrn	NM_009038	-47989	0	0	1
464	Rem1	NM_009047	7859	0	1	0
465	Rrm2	NM_009104	54896	0	0	0
466	Cx3cl1	NM_009142	-213	1	0	0
467	Exoc4	NM_009148	340	1	0	1
468	Mapk10	NM_009158	205508	0	0	1
469	Sgpl1	NM_009163	-6554	0	0	0
470	Siah1b	NM_009173	174	1	0	1
471	Slc12a2	NM_009194	61484	0	1	0
472	Sms	NM_009214	333	1	0	1
473	Supt6	NM_009297	-17	1	0	0
474	Tac2	NM_009312	5589	0	0	1
475	Tacr2	NM_009314	12610	0	0	1
476	Tacr2	NM_009314	34089	0	1	0
477	Tacr2	NM_009314	35860	0	0	1
478	Tcf7l1	NM_009332	19274	0	0	1
479	Thrb	NM_009380	103439	0	0	0
480	Tiam1	NM_009384	6003	0	0	1
481	Nkx2-1	NM_009385	249	1	1	0
482	Tle3	NM_009389	10128	0	0	1
483	Top2b	NM_009409	-56660	0	0	1
484	Ttf1	NM_009442	233	1	0	1
485	Tnfsf4	NM_009452	-70583	0	0	0
486	Ucp1	NM_009463	-31337	0	1	0
487	Ucp3	NM_009464	-9125	0	0	1
488	Umps	NM_009471	-117260	0	0	1
489	Vamp3	NM_009498	-86178	0	1	0
490	Vamp3	NM_009498	-233036	0	0	1
491	Wnt11	NM_009519	-3580	0	0	0
492	Wnt11	NM_009519	-3577	0	0	0
493	Wnt11	NM_009519	33380	0	0	0
494	Zfp64	NM_009564	23836	0	0	1
495	Zfpm1	NM_009569	24719	0	0	1
496	Zic3	NM_009575	8783	0	0	0
497	Abcg1	NM_009593	-20219	0	0	0
498	Adcy1	NM_009622	-71380	0	0	0
499	Ahnak	NM_009643	1011	0	0	1
500	Alox5ap	NM_009663	7409	0	1	0
501	Alox5ap	NM_009663	-5854	0	0	0
502	Anp32a	NM_009672	79999	0	1	0
503	Anp32a	NM_009672	80220	0	0	1
504	Anxa5	NM_009673	656	1	0	1
505	Ap3b1	NM_009680	3581	0	0	1
506	Aqp4	NM_009700	540	1	0	1
507	Neurog2	NM_009718	700	1	1	0
508	Neurog2	NM_009718	722	1	1	0
509	Atp8a1	NM_009727	41217	0	0	1
510	Akr1b7	NM_009731	-12702	0	0	0
511	Bfsp1	NM_009751	515	1	1	0
512	Bfsp1	NM_009751	468	1	1	0
513	Bub3	NM_009774	-3003	0	0	0
514	Ctnna1	NM_009818	525	1	0	1
515	Cbfa2t3	NM_009824	-37074	0	0	0
516	Cd83	NM_009856	85907	0	0	0
517	Cdh11	NM_009866	1678411	0	0	0
518	Celsr1	NM_009886	54899	0	1	0
519	Celsr1	NM_009886	69430	0	0	1
520	Cish	NM_009895	11603	0	0	0
521	Camp	NM_009921	-12209	0	0	0
522	Igf2bp1	NM_009951	162	1	1	0
523	Csf2ra	NM_009970	11672	0	0	0
524	Cyp2a4	NM_009997	28231	0	0	0
525	Dct	NM_010024	53404	0	0	0
526	Dct	NM_010024	53385	0	0	0
527	Dlx6	NM_010057	-7681	0	0	1
528	Dpp6	NM_010075	24575	0	0	1
529	Drd1	NM_010076	90841	0	0	0
530	Dst	NM_010081	-43691	0	0	1
531	Dtna	NM_010087	-104546	0	0	0
532	Efna5	NM_010109	1374	0	0	1
533	Epha7	NM_010141	303751	0	0	0
534	Ephb3	NM_010143	41466	0	0	0
535	Epm2a	NM_010146	148733	0	0	0
536	Khdrbs3	NM_010158	-274946	0	0	0
537	Ext1	NM_010162	198288	0	0	1
538	Eya2	NM_010165	86882	0	0	1
539	F2r	NM_010169	32987	0	0	0
540	F2rl2	NM_010170	66351	0	1	0
541	Fcgr2b	NM_010187	12882	0	0	1
542	Ctgf	NM_010217	55897	0	1	0
543	Foxs1	NM_010226	1078	0	1	0
544	Flt1	NM_010228	79811	0	1	0
545	Fzd9	NM_010246	-25604	0	0	0
546	Gabrg1	NM_010252	-83225	0	0	0
547	Gabrg1	NM_010252	194143	0	0	0
548	Gbx2	NM_010262	-9014	0	0	0
549	Gpd2	NM_010274	60	1	1	1
550	Gfra1	NM_010279	65524	0	0	1
551	Gjb5	NM_010291	-298908	0	0	0
552	Gclc	NM_010295	62730	0	0	0
553	Gna12	NM_010302	-59624	0	1	0
554	Gsr	NM_010344	-699	1	0	0
555	Magi1	NM_010367	161168	0	0	1
556	Gypa	NM_010369	-33618	0	0	0
557	Hap1	NM_010404	168	1	1	0
558	Hc	NM_010406	-4050	0	0	0
559	Hey1	NM_010423	-50749	0	0	0
560	Hif1a	NM_010431	-139485	0	0	1
561	Nr4a1	NM_010444	3503	0	1	0
562	Nr4a1	NM_010444	3455	0	1	0
563	Hs3st1	NM_010474	-278503	0	0	0
564	Ihh	NM_010544	3244	0	1	0
565	Il6ra	NM_010559	221	1	0	1
566	Insr	NM_010568	26554	0	0	1
567	Irx1	NM_010573	169	1	1	0
568	Itpr2	NM_010586	172478	0	1	0
569	Jun	NM_010591	-154802	0	0	0
570	Kcna1	NM_010595	-24344	0	0	0
571	Kif15	NM_010620	63	1	1	0
572	Klf12	NM_010636	-158728	0	0	0
573	Klf9	NM_010638	-82468	0	0	0
574	Klk1b21	NM_010642	-15829	0	0	0
575	Kpna2	NM_010655	-13133	0	0	0
576	Krt18	NM_010664	1297	0	1	0
577	Krt18	NM_010664	662	1	0	1
578	Krt18	NM_010664	1318	0	1	0
579	Lamc1	NM_010683	46540	0	0	1
580	Lhx4	NM_010712	-23121	0	0	0
581	Lhx4	NM_010712	24364	0	0	1
582	Lhx4	NM_010712	-1017	0	0	0
583	Lmnb1	NM_010721	9644	0	0	1
584	Lmnb1	NM_010721	54558	0	1	0
585	Lmnb2	NM_010722	300	1	0	1
586	Ccndbp1	NM_010761	234	1	0	1
587	Matn1	NM_010769	106444	0	0	0
588	Mdm1	NM_010785	10584	0	0	1
589	Marcksl1	NM_010807	4528	0	1	0
590	Nnmt	NM_010924	-113925	0	0	1
591	Nrp2	NM_010939	-91094	0	0	1
592	Oit3	NM_010959	2834	0	0	1
593	Omp	NM_011010	-6300	0	0	1
594	P2rx4	NM_011026	-26589	0	1	1
595	Pak1	NM_011035	763	1	0	1
596	Pax2	NM_011037	-72952	0	0	0
597	Pax9	NM_011041	105	1	1	0
598	Prf1	NM_011073	9589	0	0	0
599	Pik3c2g	NM_011084	31432	0	0	1
600	Prkca	NM_011101	194342	0	0	1
601	Prkce	NM_011104	158	1	1	0
602	Prkce	NM_011104	4784	0	0	1
603	Prkce	NM_011104	552	1	1	0
604	Pon1	NM_011134	54127	0	0	1
605	Prep	NM_011156	94826	0	0	0
606	Prep	NM_011156	94898	0	0	0
607	Prep	NM_011156	94985	0	0	0
608	Prkar2b	NM_011158	-1518	0	0	0
609	Prlr	NM_011169	-30547	0	0	0
610	Cyth3	NM_011182	-32986	0	0	0
611	Ptpn1	NM_011201	-192	1	0	0
612	Ptpn18	NM_011206	13219	0	1	0
613	Ptpru	NM_011214	59148	0	1	0
614	Ptpru	NM_011214	359524	0	0	0
615	Rad51	NM_011234	145	1	1	0
616	Rasgrp1	NM_011246	-95385	0	0	0
617	Rasgrp1	NM_011246	-95270	0	0	0
618	Rasgrp1	NM_011246	-95415	0	0	0
619	Rbl2	NM_011250	-57879	0	0	1
620	Rev3l	NM_011264	369	1	1	0
621	Rfx3	NM_011265	-331155	0	0	1
622	Rnaseh1	NM_011275	9337	0	0	1
623	Rnf4	NM_011278	16	1	1	0
624	Rnf7	NM_011279	14025	0	0	0
625	Rnf7	NM_011279	-10174	0	0	0
626	Polr2j	NM_011293	-13200	0	0	1
627	Polr2j	NM_011293	-13191	0	0	1
628	Polr2j	NM_011293	-13184	0	0	1
629	Sub1	NM_011294	675	1	0	1
630	Sub1	NM_011294	43	1	1	0
631	Rps18	NM_011296	422	1	0	1
632	Rps24	NM_011297	96641	0	0	0
633	Sema6c	NM_011351	8058	0	1	0
634	Sh2d1a	NM_011364	-87941	0	0	0
635	Six2	NM_011380	917	1	0	1
636	Sorl1	NM_011436	154618	0	1	0
637	Sorl1	NM_011436	40924	0	0	1
638	Sox14	NM_011440	820	1	1	0
639	Tbx1	NM_011532	-4758	0	0	0
640	Tesk1	NM_011571	664	1	1	0
641	Thbs1	NM_011580	-1482	0	0	0
642	Thbs4	NM_011582	60727	0	0	0
643	Cd40	NM_011611	10102	0	0	1
644	Tom1	NM_011622	575	1	0	1
645	Tfrc	NM_011638	-47455	0	0	0
646	Tubb5	NM_011655	6	1	1	0
647	Usp12	NM_011669	11849	0	0	1
648	Xirp1	NM_011724	9677	0	1	0
649	Zfp27	NM_011754	11328	0	1	0
650	Zfp90	NM_011764	-9266	0	0	0
651	Zfr	NM_011767	-44292	0	0	0
652	Coro1c	NM_011779	-33932	0	1	0
653	Coro1c	NM_011779	-34335	0	1	0
654	Coro1c	NM_011779	-34065	0	1	0
655	Lamc3	NM_011836	-6530	0	0	0
656	Osr1	NM_011859	101	1	1	0
657	Spry1	NM_011896	3878	0	1	0
658	Spry4	NM_011898	-125492	0	0	0
659	Psmb3	NM_011971	14648	0	1	0
660	Psmb3	NM_011971	14638	0	1	0
661	Rpl27a	NM_011975	-214	1	0	0
662	Dpysl4	NM_011993	-65016	0	0	1
663	Dpysl4	NM_011993	-65013	0	0	1
664	Pclo	NM_011995	24709	0	1	0
665	Exo1	NM_012012	-90865	0	1	0
666	St6galnac5	NM_012028	-140153	0	0	0
667	Trpc7	NM_012035	-160461	0	0	0
668	Rps3	NM_012052	270	1	0	1
669	Anxa3	NM_013470	-16563	0	0	1
670	Cpe	NM_013494	25214	0	0	1
671	P3h3	NM_013534	451	1	1	0
672	Kcnh2	NM_013569	-1514	0	0	0
673	Ksr1	NM_013571	33773	0	0	1
674	Odc1	NM_013614	-2232	0	0	0
675	Psmb10	NM_013640	1152	0	1	0
676	Klf10	NM_013692	-71952	0	0	0
677	Zfp30	NM_013705	6528	0	0	1
678	Csnk1e	NM_013767	-8801	0	0	0
679	Csnk1e	NM_013767	-8815	0	0	0
680	Ror1	NM_013845	80107	0	0	1
681	Ror1	NM_013845	80080	0	0	1
682	Ror2	NM_013846	-29535	0	0	0
683	Ndrg2	NM_013864	2777	0	1	0
684	Hdgfrp3	NM_013886	-17202	0	0	0
685	Usp25	NM_013918	120498	0	0	0
686	Zfp354c	NM_013922	49880	0	0	1
687	Adat1	NM_013925	3236	0	0	1
688	Gbx1	NM_015739	736	1	1	0
689	Hunk	NM_015755	209	1	1	0
690	Hunk	NM_015755	75078	0	0	1
691	Dlc1	NM_015802	51233	0	0	0
692	Atp8a2	NM_015803	-5120	0	0	0
693	Pknox1	NM_016670	273	1	0	1
694	Cntfr	NM_016673	-1327	0	0	0
695	Gpc3	NM_016697	142	1	1	1
696	Gpc3	NM_016697	120	1	1	1
697	Mylpf	NM_016754	3090	0	1	0
698	Smad3	NM_016769	12988	0	0	1
699	Smad3	NM_016769	-121696	0	0	0
700	Tpmt	NM_016785	61	1	1	0
701	Pdlim3	NM_016798	-27396	0	0	0
702	Srrm1	NM_016799	433	1	0	1
703	Chst3	NM_016803	35568	0	1	0
704	Insm1	NM_016889	-817	1	0	0
705	Mtmr1	NM_016985	275	1	1	0
706	Nfil3	NM_017373	-140440	0	0	1
707	Ostf1	NM_017375	16153	0	0	1
708	Zfp316	NM_017467	-18200	0	0	0
709	Kat6b	NM_017479	944	1	0	1
710	Scn1a	NM_018733	11422	0	0	1
711	Dfna5	NM_018769	-16499	0	0	0
712	Bri3	NM_018772	3068	0	0	1
713	Bri3	NM_018772	3059	0	0	1
714	Bri3	NM_018772	3053	0	0	1
715	Skap2	NM_018773	170757	0	0	0
716	Ubqln2	NM_018798	87	1	1	0
717	Sgsh	NM_018822	4449	0	0	1
718	Irx5	NM_018826	58763	0	0	0
719	Rplp1	NM_018853	208123	0	0	0
720	Akr1e1	NM_018859	-220848	0	0	0
721	Cpxm2	NM_018867	-57080	0	0	0
722	Irx4	NM_018885	-152900	0	0	0
723	Irx4	NM_018885	-191159	0	0	0
724	Irx4	NM_018885	87	1	1	0
725	Cetn2	NM_019405	63	1	0	1
726	Olfr71	NM_019486	725	1	1	0
727	Ptbp2	NM_019550	-315736	0	0	0
728	Rhog	NM_019566	-365	1	0	0
729	Rev1	NM_019570	-138548	0	0	1
730	Extl1	NM_019578	14744	0	1	0
731	Syncrip	NM_019666	-556	1	0	0
732	Stmn4	NM_019675	36779	0	0	0
733	Tmem115	NM_019704	-13370	0	0	1
734	Cdh13	NM_019707	98349	0	0	1
735	Kcmf1	NM_019715	30232	0	0	1
736	Rybp	NM_019743	99412	0	0	0
737	Htra2	NM_019752	3050	0	1	0
738	Htra2	NM_019752	318	1	1	0
739	Serinc1	NM_019760	-36950	0	0	0
740	Spen	NM_019763	32553	0	0	1
741	Tbk1	NM_019786	150	1	0	1
742	Tbk1	NM_019786	197	1	0	1
743	Tspan3	NM_019793	-97730	0	1	0
744	Trpc4ap	NM_019828	118	1	1	0
745	Git2	NM_019834	3	1	1	0
746	B4galt5	NM_019835	-23151	0	0	0
747	Pde4b	NM_019840	68790	0	0	1
748	Pde4b	NM_019840	68772	0	0	1
749	Hnrnph2	NM_019868	124	1	0	1
750	Hnrnph2	NM_019868	133	1	0	1
751	Hnrnph2	NM_019868	139	1	0	1
752	Dmrtb1	NM_019872	113711	0	0	1
753	Dmrtb1	NM_019872	115925	0	1	0
754	Pdgfc	NM_019971	396	1	1	0
755	Litaf	NM_019980	33512	0	1	0
756	Rabgef1	NM_019983	-1867	0	0	1
757	Stard10	NM_019990	-51	1	0	0
758	Cdc42ep4	NM_020006	9170	0	0	1
759	B3galt2	NM_020025	-1137994	0	0	0
760	Tmem9b	NM_020050	4	1	1	0
761	Nrxn1	NM_020252	-100153	0	0	0
762	Nrxn1	NM_020252	-1030823	0	0	0
763	Insm2	NM_020287	841	1	1	0
764	Ank	NM_020332	62154	0	0	1
765	Xpo4	NM_020506	-31150	0	0	1
766	Fbxo3	NM_020593	726	1	0	1
767	Jph1	NM_020604	24901	0	0	1
768	Jph3	NM_020605	22771	0	1	0
769	Srd5a3	NM_020611	13035	0	0	1
770	Sez6	NM_021286	361	1	0	1
771	Stk32c	NM_021302	-8408	0	0	1
772	Snrpa1	NM_021336	-40523	0	0	1
773	Htr6	NM_021358	-672	1	0	0
774	Htr6	NM_021358	20850	0	1	0
775	Caln1	NM_021371	293537	0	0	1
776	Caln1	NM_021371	253045	0	0	1
777	Cnot9	NM_021383	-443	1	0	1
778	Sall1	NM_021390	-94939	0	0	0
779	Dexi	NM_021428	229	1	1	0
780	Dysf	NM_021469	86479	0	0	1
781	Treh	NM_021481	21182	0	1	0
782	Nectin3	NM_021495	-582246	0	0	0
783	Slc4a8	NM_021530	-4596	0	0	0
784	Bhlhe22	NM_021560	1373	0	1	0
785	Midn	NM_021565	7967	0	0	1
786	Nrip2	NM_021717	888	1	0	1
787	Fxyd6	NM_022004	-18294	0	0	0
788	Popdc2	NM_022318	35142	0	1	0
789	Clstn2	NM_022319	-28121	0	0	0
790	Myh9	NM_022410	-1556	0	0	0
791	Ngb	NM_022414	-13820	0	0	1
792	Gprc5b	NM_022420	-28798	0	0	0
793	Ireb2	NM_022655	358	1	0	1
794	Scube1	NM_022723	497	1	0	1
795	Acot10	NM_022816	445377	0	0	0
796	Rtn4r	NM_022982	-199	1	0	0
797	Pmepa1	NM_022995	-2666	0	0	0
798	Zak	NM_023057	-3652	0	0	0
799	Lima1	NM_023063	12742	0	0	1
800	Ccnh	NM_023243	-203272	0	0	0
801	Nuf2	NM_023284	-160	1	0	0
802	Eif4e2	NM_023314	-96	1	0	0
803	Rprm	NM_023396	-22	1	0	0
804	Gdpd2	NM_023608	471	1	0	1
805	Abcb6	NM_023732	2787	0	0	1
806	Pi16	NM_023734	3798	0	0	1
807	Mgea5	NM_023799	11	1	1	0
808	Chst1	NM_023850	156146	0	0	0
809	Slco3a1	NM_023908	48984	0	0	1
810	Ppp6c	NM_024209	-1524360	0	0	1
811	Hsdl2	NM_024255	-8821	0	0	0
812	Stard3nl	NM_024270	33148	0	0	1
813	Ssbp2	NM_024272	610	1	0	1
814	Mtap	NM_024433	-24808	0	0	0
815	Cyp4f16	NM_024442	11695	0	0	1
816	Col26a1	NM_024474	1215	0	0	1
817	Evpl	NM_025276	5292	0	0	1
818	Evpl	NM_025276	5415	0	1	0
819	Haao	NM_025325	-20602	0	0	0
820	Arl4d	NM_025404	31341	0	0	0
821	Nenf	NM_025424	51255	0	0	0
822	Nenf	NM_025424	35981	0	0	0
823	Nenf	NM_025424	51265	0	0	0
824	Llph	NM_025431	52701	0	0	0
825	Rpl7l1	NM_025433	-17850	0	1	0
826	Tmed6	NM_025458	-4384	0	1	0
827	1810009A15Rik	NM_025463	58	1	1	0
828	1700001K19Rik	NM_025488	20233	0	0	1
829	Commd5	NM_025536	-9171	0	1	0
830	Mcts2	NM_025543	19285	0	1	0
831	Mcts2	NM_025543	19287	0	1	0
832	Mcts2	NM_025543	19281	0	1	0
833	Tbcb	NM_025548	4275	0	0	1
834	Mgst3	NM_025569	18972	0	0	1
835	Pyurf	NM_025574	163	1	1	0
836	Metap1d	NM_025633	36315	0	0	1
837	Metap1d	NM_025633	36327	0	0	1
838	Zwint	NM_025635	50062	0	0	0
839	Sltm	NM_025690	27782	0	0	1
840	Trpd52l3	NM_025741	-18609	0	0	0
841	Dtnbp1	NM_025772	178	1	1	0
842	Bcl2l14	NM_025778	-78761	0	0	0
843	Bcl2l14	NM_025778	-78741	0	0	0
844	Bcl2l14	NM_025778	-78732	0	0	0
845	Thap2	NM_025780	-144	1	0	0
846	Carhsp1	NM_025821	-2707	0	0	0
847	Proz	NM_025834	836	1	0	1
848	Bzw2	NM_025840	3892	0	0	1
849	Cdca7	NM_025866	-93313	0	0	1
850	Pole4	NM_025882	80	1	1	0
851	Fam210b	NM_025912	446	1	0	1
852	Fam210b	NM_025912	9381	0	1	0
853	Rars	NM_025936	-53239	0	0	1
854	Kbtbd4	NM_025991	124	1	1	0
855	Efhd2	NM_025994	-7809	0	0	0
856	Gemin6	NM_026053	10407	0	0	0
857	Zfp422	NM_026057	-10451	0	0	1
858	Eri1	NM_026067	-36660	0	0	0
859	Tmco5	NM_026104	-87658	0	0	0
860	Mrpl10	NM_026154	262	1	0	1
861	Gpatch1	NM_026181	2803	0	0	1
862	4930524B15Rik	NM_026262	-9378	0	0	0
863	4930524B15Rik	NM_026262	12	1	1	0
864	Necap1	NM_026267	74	1	1	0
865	Tm7sf3	NM_026281	21276	0	0	1
866	Tm7sf3	NM_026281	524	1	0	1
867	Rpp21	NM_026308	9164	0	0	0
868	Ddx47	NM_026360	24025	0	0	0
869	Yipf4	NM_026417	-43	1	0	0
870	Mrrf	NM_026422	-14533	0	0	1
871	Mrpl19	NM_026490	-2457	0	0	0
872	Cdc42ep3	NM_026514	20134	0	1	0
873	Tmem178	NM_026516	-108	1	0	0
874	4930591A17Rik	NM_026596	-12471	0	0	0
875	Bcas2	NM_026602	47519	0	0	0
876	Gtsf1l	NM_026630	15072	0	1	0
877	Aar2	NM_026661	-33452	0	1	0
878	Mocos	NM_026779	13472	0	0	1
879	Smyd2	NM_026796	-1901	0	0	0
880	Cilp2	NM_026818	4305	0	1	0
881	Rreb1	NM_026830	-47199	0	0	0
882	Pdgfrl	NM_026840	-29415	0	0	1
883	Pdcl3	NM_026850	85082	0	0	0
884	Pygo2	NM_026869	-184	1	0	0
885	1700001L19Rik	NM_027035	15546	0	1	0
886	Hmgb4	NM_027036	-160417	0	0	0
887	1700008O03Rik	NM_027049	22275	0	1	0
888	Smim23	NM_027050	13043	0	0	0
889	Klhdc2	NM_027117	57	1	1	0
890	Ttl	NM_027192	-26933	0	0	0
891	Coa7	NM_027250	13946	0	0	0
892	2010107G23Rik	NM_027251	52977	0	0	0
893	Rnf157	NM_027258	16802	0	1	0
894	Ube2q1	NM_027315	89	1	1	0
895	Ube2q1	NM_027315	94	1	1	0
896	Mllt3	NM_027326	-16464	0	0	0
897	Gorasp2	NM_027352	-19	1	0	0
898	2010107E04Rik	NM_027360	7084	0	0	0
899	Afap1	NM_027373	-39329	0	0	1
900	Steap1	NM_027399	-678746	0	0	0
901	Ica1l	NM_027407	-45	1	0	0
902	Ttc9c	NM_027412	4644	0	0	1
903	Cpm	NM_027468	10036	0	0	1
904	Cpm	NM_027468	9813	0	0	1
905	Pak4	NM_027470	9130	0	0	1
906	Ecd	NM_027475	19257	0	0	1
907	Ecd	NM_027475	19231	0	1	0
908	Ggnbp1	NM_027544	7582	0	0	0
909	Kynu	NM_027552	-49276	0	0	0
910	Pgrmc2	NM_027558	-802	1	0	0
911	Iqgap2	NM_027711	-68050	0	1	0
912	Iqgap2	NM_027711	-20514	0	0	0
913	Iqgap2	NM_027711	-100	1	0	0
914	Otud1	NM_027715	239381	0	0	0
915	Dlg5	NM_027726	14418	0	0	1
916	Mfap3l	NM_027756	-8608	0	0	0
917	Fsip1	NM_027759	-12049	0	0	0
918	Krtap7-1	NM_027771	-14021	0	0	0
919	Dhrs2	NM_027790	-52309	0	0	0
920	Arhgap42	NM_027823	-145446	0	0	0
921	Izumo4	NM_027829	-159	1	0	0
922	Ppp1r12a	NM_027892	-121879	0	0	0
923	Csl	NM_027945	-69988	0	0	0
924	1700019O17Rik	NM_027966	19129	0	0	0
925	Cfap45	NM_027972	8882	0	0	1
926	Dnmbp	NM_028029	49850	0	0	1
927	Chst14	NM_028117	6650	0	0	0
928	Adpgk	NM_028121	-68792	0	0	0
929	Adpgk	NM_028121	24312	0	1	0
930	Frmd6	NM_028127	-75626	0	0	0
931	Scaf11	NM_028148	-50473	0	0	0
932	Fbxl20	NM_028149	419	1	0	1
933	1700021F07Rik	NM_028158	-36560	0	0	0
934	B3gnt3	NM_028189	-7853	0	1	0
935	Shmt2	NM_028230	-2652	0	0	0
936	Lrpprc	NM_028233	-62142	0	0	0
937	Ccser2	NM_028407	15069	0	0	1
938	Ttc9b	NM_028417	9335	0	1	0
939	Rflna	NM_028443	66576	0	0	1
940	Rflna	NM_028443	54822	0	0	1
941	Arhgap8	NM_028455	-17040	0	1	0
942	Fezf1	NM_028462	-12445	0	0	0
943	Bmper	NM_028472	22959	0	0	1
944	Bmper	NM_028472	22967	0	0	1
945	Prss52	NM_028525	80099	0	0	1
946	Ccsap	NM_028536	20732	0	0	0
947	Vgll3	NM_028572	-190	1	0	0
948	Zdbf2	NM_028673	46691	0	0	0
949	Rbm19	NM_028762	2303	0	1	0
950	Rnd3	NM_028810	1723	0	0	1
951	Tspan17	NM_028841	62507	0	0	0
952	Snx19	NM_028874	-25761	0	0	0
953	Scpep1	NM_029023	6446	0	0	1
954	Pomk	NM_029037	4930	0	0	1
955	Tbc1d30	NM_029057	16983	0	0	1
956	Glt8d2	NM_029102	11128	0	0	1
957	Kbtbd11	NM_029116	17228	0	1	0
958	Syce1l	NM_029139	79024	0	0	1
959	Syce1l	NM_029139	79039	0	0	1
960	Syce1l	NM_029139	79046	0	0	1
961	Scamp1	NM_029153	93293	0	1	0
962	Rasd2	NM_029182	-5061	0	0	0
963	Dynlrb2	NM_029297	-233232	0	0	0
964	Zbtb4	NM_029348	10337	0	1	0
965	Chmp4b	NM_029362	66246	0	0	0
966	Apol7a	NM_029419	42270	0	0	0
967	Senp2	NM_029457	52185	0	0	1
968	Arl5b	NM_029466	345532	0	0	0
969	Bcor	NM_029510	81237	0	0	0
970	Tgfbr2	NM_029575	-251560	0	0	0
971	Prss23	NM_029614	-9729	0	0	0
972	Ip6k2	NM_029634	-24907	0	0	0
973	Commd9	NM_029635	123021	0	0	1
974	Klhl25	NM_029652	-111530	0	0	1
975	Dapk1	NM_029653	-104189	0	0	0
976	Ipo11	NM_029665	500	1	0	1
977	Upp2	NM_029692	-51793	0	0	0
978	Chn1	NM_029716	9288	0	0	1
979	Cog2	NM_029746	-25741	0	0	0
980	Dok5	NM_029761	-35316	0	0	0
981	Pomgnt1	NM_029786	-181	1	0	0
982	Lrg1	NM_029796	1711	0	1	0
983	2610028H24Rik	NM_029816	-1463	0	0	0
984	Bcl7a	NM_029850	414	1	0	1
985	9430038I01Rik	NM_029886	126	1	0	1
986	Mmab	NM_029956	8072	0	0	1
987	Adamtsl1	NM_029967	-381670	0	0	0
988	Tchp	NM_029992	25582	0	1	0
989	Tmem50b	NM_030018	-7101	0	0	0
990	Ccdc150	NM_030025	41222	0	0	1
991	Nxpe2	NM_030069	174114	0	0	0
992	Plb1	NM_030072	-19251	0	0	0
993	N4bp1	NM_030563	-152920	0	0	0
994	Nbea	NM_030595	-254866	0	0	0
995	Fgf16	NM_030614	507	1	0	1
996	Fgf16	NM_030614	586	1	0	1
997	Zfhx4	NM_030708	-19499	0	0	1
998	Uck2	NM_030724	35308	0	0	1
999	Uck2	NM_030724	39750	0	0	1
1000	Uck2	NM_030724	54681	0	0	1
1001	Syt13	NM_030725	-91838	0	0	0
1002	Syt13	NM_030725	-64355	0	0	0
1003	Rad54l2	NM_030730	216	1	1	0
1004	Vmn1r171	NM_030737	-7176	0	0	0
1005	Sf3b1	NM_031179	322	1	0	1
1006	Klb	NM_031180	208	1	1	0
1007	Klb	NM_031180	520	1	1	0
1008	Plekha2	NM_031257	-2236	0	0	0
1009	Hes7	NM_033041	-65	1	0	0
1010	D1Pas1	NM_033077	-41829	0	0	0
1011	D1Pas1	NM_033077	-43080	0	0	0
1012	Ngfr	NM_033217	15936	0	0	1
1013	Ngfr	NM_033217	-34018	0	0	0
1014	Amn	NM_033603	4213	0	0	1
1015	Igsf9	NM_033608	7201	0	1	0
1016	Fxyd4	NM_033648	1199	0	0	1
1017	Ophn1	NM_052976	400	1	1	0
1018	Olig3	NM_053008	43685	0	0	0
1019	Olig3	NM_053008	886	1	1	0
1020	Olig3	NM_053008	87622	0	0	0
1021	Olig3	NM_053008	53108	0	0	0
1022	Chrac1	NM_053068	5276	0	0	0
1023	Atg5	NM_053069	385	1	0	1
1024	Slc15a1	NM_053079	-92019	0	0	1
1025	Slc15a1	NM_053079	18375	0	0	1
1026	Aldh1a3	NM_053080	-96439	0	0	0
1027	Aldh1a3	NM_053080	-96556	0	0	0
1028	Klhl1	NM_053105	798	1	1	0
1029	Glrx	NM_053108	30245	0	1	0
1030	Csmd1	NM_053171	605	1	0	1
1031	Foxp1	NM_053202	9629	0	0	1
1032	Vmn1r53	NM_053226	-8512	0	0	0
1033	Foxp2	NM_053242	-1422	0	0	0
1034	Tle6	NM_053254	6641	0	0	1
1035	Selm	NM_053267	-1745	0	0	0
1036	Pawr	NM_054056	111814	0	0	0
1037	Prelp	NM_054077	-12608	0	0	0
1038	Prelp	NM_054077	-12593	0	0	0
1039	Mta1	NM_054081	-2261	0	0	0
1040	Igsf8	NM_080419	5857	0	1	0
1041	Fezf2	NM_080433	3966	0	1	0
1042	Tshz2	NM_080455	-128477	0	0	0
1043	Eri3	NM_080469	25912	0	0	1
1044	Plpp3	NM_080555	180951	0	0	0
1045	Snx4	NM_080557	52224	0	0	0
1046	Emid1	NM_080595	-15901	0	0	0
1047	Caskin2	NM_080643	9947	0	1	0
1048	Olfr138	NM_130868	-27938	0	0	0
1049	Otud7a	NM_130880	87060	0	0	1
1050	Fam198b	NM_133187	339997	0	0	0
1051	Trhr2	NM_133202	24633	0	1	0
1052	Trhr2	NM_133202	23881	0	1	0
1053	Pdzd3	NM_133226	-1922	0	1	0
1054	Rfxap	NM_133231	15519	0	0	1
1055	Mapre3	NM_133350	152	1	0	1
1056	Erg	NM_133659	114859	0	0	1
1057	Cxxc5	NM_133687	4557	0	0	1
1058	Nol11	NM_133702	104	1	1	0
1059	Snrk	NM_133741	49626	0	1	0
1060	Errfi1	NM_133753	23644	0	0	0
1061	Adgrf1	NM_133776	-4458	0	0	0
1062	Pigt	NM_133779	18566	0	0	0
1063	Lbr	NM_133815	28884	0	0	0
1064	D1Ertd622e	NM_133825	-137	1	0	0
1065	D1Ertd622e	NM_133825	649	1	0	1
1066	Gltscr2	NM_133831	209	1	1	0
1067	Rdh10	NM_133832	18	1	1	0
1068	Ubac1	NM_133835	575	1	0	1
1069	Pafah2	NM_133880	6422	0	0	1
1070	Slc15a4	NM_133895	19	1	1	0
1071	Adgra3	NM_133911	133079	0	0	0
1072	Plekha1	NM_133942	162	1	0	1
1073	Usb1	NM_133954	8981	0	0	1
1074	Cmtm7	NM_133978	-13567	0	0	1
1075	Hemk1	NM_133984	98	1	0	1
1076	Adi1	NM_134052	25651	0	0	1
1077	Dapk1	NM_134062	84804	0	0	1
1078	Otub1	NM_134150	338	1	0	1
1079	Actn1	NM_134156	52400	0	0	1
1080	Vmn1r75	NM_134207	18943	0	0	0
1081	Vmn1r27	NM_134436	44903	0	0	0
1082	Med10	NM_138596	-4106	0	0	0
1083	Atp5o	NM_138597	22155	0	0	1
1084	Dgkg	NM_138650	85698	0	0	1
1085	Mvd	NM_138656	161	1	0	1
1086	Lrrc4	NM_138682	-328	1	0	1
1087	Coro6	NM_139130	-45168	0	0	1
1088	Hlcs	NM_139145	39024	0	0	1
1089	Satb2	NM_139146	15779	0	0	1
1090	Galnt2	NM_139272	-47226	0	0	0
1091	Galnt2	NM_139272	-34177	0	0	0
1092	Mylk	NM_139300	40801	0	0	1
1093	Zmynd11	NM_144516	333	1	0	1
1094	2900011O08Rik	NM_144518	-3197	0	0	1
1095	Trib2	NM_144551	335349	0	0	0
1096	Stxbp6	NM_144552	-525959	0	0	0
1097	Myrip	NM_144557	14	1	1	0
1098	Kdm4c	NM_144787	447066	0	0	0
1099	Lmcd1	NM_144799	-18134	0	0	0
1100	Ube2e2	NM_144839	-233819	0	0	0
1101	Fam49b	NM_144846	-118622	0	0	1
1102	Mettl13	NM_144877	5659	0	0	1
1103	Nkx6-1	NM_144955	306470	0	0	0
1104	Spsb4	NM_145134	62080	0	0	1
1105	Wasf3	NM_145155	731	1	0	1
1106	Btbd2	NM_145361	-363	1	0	0
1107	Btbd2	NM_145361	-7442	0	0	0
1108	Bag2	NM_145392	2450	0	0	1
1109	Slc44a3	NM_145394	-13178	0	0	0
1110	Abhd17a	NM_145421	6308	0	1	0
1111	Slc5a8	NM_145423	114432	0	0	1
1112	BC022687	NM_145450	-13280	0	0	0
1113	Stk24	NM_145465	-43039	0	0	0
1114	Tbc1d22a	NM_145476	7575	0	0	1
1115	Zfp521	NM_145492	317525	0	0	0
1116	Rin1	NM_145495	1632	0	1	0
1117	Ccm2l	NM_145536	8905	0	1	0
1118	Parm1	NM_145562	105561	0	1	0
1119	Mrps35	NM_145573	12324	0	0	1
1120	Thumpd1	NM_145585	-10346	0	0	0
1121	Chmp1a	NM_145606	-17	1	0	0
1122	Etfa	NM_145615	82030	0	0	1
1123	Tox	NM_145711	111684	0	0	1
1124	Dhx35	NM_145742	104180	0	0	0
1125	Mzf1	NM_145819	-10662	0	0	0
1126	Lin28a	NM_145833	1150	0	0	1
1127	St8sia6	NM_145838	84151	0	0	1
1128	Evc2	NM_145920	20636	0	0	1
1129	Sde2	NM_145943	19311	0	0	0
1130	Hip1	NM_146001	-586	1	0	0
1131	Lrrc3b	NM_146052	-121192	0	0	0
1132	Lrrc3b	NM_146052	-152200	0	0	0
1133	Zadh2	NM_146090	241232	0	0	1
1134	Zadh2	NM_146090	241335	0	0	1
1135	Cnst	NM_146105	106	1	0	1
1136	Lyplal1	NM_146106	-123596	0	0	0
1137	Fam129b	NM_146119	29567	0	0	1
1138	Pbxip1	NM_146131	9475	0	0	1
1139	Ipo13	NM_146152	-117	1	0	0
1140	Vopp1	NM_146168	300	1	0	1
1141	Ccdc106	NM_146178	222	1	1	0
1142	Armc5	NM_146205	-278	1	1	0
1143	Tat	NM_146214	16919	0	0	0
1144	Cmtr2	NM_146215	14319	0	0	0
1145	Olfr726	NM_146316	22398	0	0	0
1146	Olfr720	NM_146392	-67651	0	0	0
1147	Olfr720	NM_146392	-67657	0	0	0
1148	Olfr720	NM_146392	-72885	0	0	0
1149	Olfr92	NM_146456	5958	0	0	0
1150	Olfr1370	NM_146535	18434	0	0	0
1151	Olfr31	NM_147027	-11484	0	0	0
1152	Olfr547	NM_147079	-19466	0	0	0
1153	Dicer1	NM_148948	-49001	0	0	1
1154	Dicer1	NM_148948	116508	0	0	0
1155	Nr2e1	NM_152229	62	1	1	0
1156	Kdm5b	NM_152895	-3466	0	0	0
1157	Slc16a11	NM_153081	-6642	0	0	0
1158	Cd109	NM_153098	15	1	1	0
1159	9530068E07Rik	NM_153117	130842	0	0	0
1160	Unc5a	NM_153131	-53940	0	0	0
1161	Unc5d	NM_153135	-15	1	0	0
1162	Slc25a1	NM_153150	466	1	0	1
1163	Csrnp1	NM_153287	21577	0	0	1
1164	Clrn1	NM_153386	78275	0	0	0
1165	Gpr156	NM_153394	-16386	0	0	0
1166	Gpr156	NM_153394	-16423	0	0	0
1167	Syne1	NM_153399	4614	0	0	1
1168	Ago1	NM_153403	-24938	0	0	1
1169	Neurl3	NM_153408	2330	0	0	1
1170	Pxylp1	NM_153420	-27891	0	0	0
1171	Pde5a	NM_153422	34431	0	0	1
1172	Nphp4	NM_153424	69397	0	0	1
1173	Ankrd23	NM_153502	-5179	0	0	1
1174	Kcng3	NM_153512	695	1	1	0
1175	Opalin	NM_153520	-51364	0	1	0
1176	Opalin	NM_153520	-51386	0	1	0
1177	Opalin	NM_153520	9364	0	1	0
1178	Opalin	NM_153520	-51392	0	1	0
1179	Atg4d	NM_153583	44	1	1	0
1180	Mkl2	NM_153588	-24287	0	0	1
1181	Snx17	NM_153680	496	1	0	1
1182	Igsf11	NM_170599	194384	0	0	0
1183	Igsf11	NM_170599	52267	0	0	1
1184	Igsf11	NM_170599	194424	0	0	0
1185	Cpne9	NM_170673	-1075	0	1	0
1186	Wwc1	NM_170779	47104	0	0	1
1187	Ofcc1	NM_172143	-103018	0	0	0
1188	Eva1b	NM_172145	-14	1	0	0
1189	Wdr11	NM_172255	183555	0	0	0
1190	Sidt2	NM_172257	186	1	1	0
1191	Vps18	NM_172269	8612	0	1	0
1192	Plcg2	NM_172285	-9520	0	0	0
1193	Ntm	NM_172290	145113	0	0	1
1194	Dmrta2	NM_172296	3997	0	1	0
1195	Tshz3	NM_172298	-217109	0	0	0
1196	Tshz3	NM_172298	-216985	0	0	0
1197	Zfp536	NM_172385	413884	0	0	0
1198	Zfp536	NM_172385	-2454	0	0	0
1199	Ccdc134	NM_172428	-6377	0	0	1
1200	Skor1	NM_172446	691	1	1	0
1201	Mfsd9	NM_172499	243	1	0	1
1202	Megf11	NM_172522	-119	1	0	0
1203	She	NM_172530	-131	1	0	0
1204	Cnksr3	NM_172546	51071	0	0	1
1205	Mpped1	NM_172610	-432	1	0	0
1206	Dars2	NM_172644	-51	1	0	0
1207	Prrc2b	NM_172661	440	1	0	1
1208	Lgr4	NM_172671	302	1	1	0
1209	Uba6	NM_172712	232	1	0	1
1210	Adap1	NM_172723	405	1	0	1
1211	Mtmr10	NM_172742	-72	1	0	0
1212	Gramd1b	NM_172768	-83898	0	0	0
1213	Plxnb1	NM_172775	-4968	0	0	1
1214	Lrp11	NM_172784	220	1	1	0
1215	Dock4	NM_172803	27235	0	0	1
1216	Enox1	NM_172813	-33087	0	0	0
1217	Galnt5	NM_172855	-317536	0	0	0
1218	Zfp462	NM_172867	-90840	0	0	0
1219	Fry	NM_172887	241	1	1	0
1220	Man2a2	NM_172903	30	1	1	0
1221	D8Ertd82e	NM_172911	9109	0	1	0
1222	Col6a6	NM_172927	31811	0	1	0
1223	Mtmr12	NM_172958	28550	0	0	1
1224	Arhgap28	NM_172964	124031	0	0	1
1225	Fbxl4	NM_172988	-40	1	0	0
1226	Fndc3b	NM_173182	68	1	1	0
1227	Jazf1	NM_173406	679	1	0	1
1228	Gpr26	NM_173410	-129932	0	0	0
1229	Nyx	NM_173415	18554	0	1	0
1230	Zbtb37	NM_173424	14030	0	1	0
1231	Fam110b	NM_173426	119068	0	0	1
1232	Fam110b	NM_173426	119078	0	0	1
1233	Rpgrip1l	NM_173431	8485	0	1	0
1234	4930595M18Rik	NM_173435	-296672	0	0	0
1235	Nrip1	NM_173440	-165451	0	0	0
1236	Rccd1	NM_173445	-1175	0	1	0
1237	Rccd1	NM_173445	-1765	0	0	1
1238	Galnt18	NM_173739	1118	0	0	1
1239	Tdrp	NM_173744	42	1	1	0
1240	Tapt1	NM_173764	-247151	0	0	1
1241	Slc45a1	NM_173774	-24088	0	0	0
1242	Olfm2	NM_173777	1280	0	0	1
1243	Ubtd2	NM_173784	-32781	0	1	0
1244	Ifnlr1	NM_174851	18047	0	0	1
1245	Phf12	NM_174852	343	1	1	0
1246	Disc1	NM_174853	320	1	0	1
1247	Disc1	NM_174853	86879	0	0	1
1248	Disc1	NM_174853	106612	0	0	1
1249	Slc26a1	NM_174870	397	1	1	1
1250	Mmgt2	NM_175002	22094	0	0	0
1251	Mmgt2	NM_175002	22100	0	0	0
1252	Adnp2	NM_175028	38772	0	0	1
1253	Bcor	NM_175046	-11305	0	0	1
1254	Hmgn3	NM_175074	-86873	0	0	0
1255	Mdfic	NM_175088	344329	0	0	0
1256	Tnks	NM_175091	22579	0	0	1
1257	Stbd1	NM_175096	-188	1	0	0
1258	Chst8	NM_175140	191	1	1	0
1259	Arhgap26	NM_175164	80	1	1	0
1260	C130026I21Rik	NM_175219	14887	0	0	1
1261	Rassf10	NM_175279	354	1	1	0
1262	Fzd10	NM_175284	55578	0	0	0
1263	Fam46b	NM_175307	-31827	0	0	0
1264	Chdh	NM_175343	23113	0	0	1
1265	Chdh	NM_175343	36005	0	0	1
1266	Ano6	NM_175344	39383	0	0	1
1267	Exoc6	NM_175353	-30411	0	0	0
1268	Exoc6	NM_175353	-5790	0	0	0
1269	Exoc6	NM_175353	26627	0	1	0
1270	Tspan9	NM_175414	108424	0	0	1
1271	Tspan9	NM_175414	-19721	0	0	0
1272	Plekhb2	NM_175421	357114	0	0	0
1273	Zfp710	NM_175433	14536	0	0	1
1274	Hid1	NM_175454	7347	0	1	0
1275	Cyp26b1	NM_175475	21630	0	1	0
1276	Osbpl8	NM_175489	-8485	0	0	0
1277	Osbpl8	NM_175489	-8468	0	0	0
1278	Osbpl8	NM_175489	-8482	0	0	0
1279	Zfp367	NM_175494	-1230	0	0	0
1280	Pnma2	NM_175498	5940	0	1	0
1281	Pnma2	NM_175498	-202	1	0	0
1282	Zfp804a	NM_175513	276424	0	0	0
1283	Zfp804a	NM_175513	355382	0	0	0
1284	Wdfy2	NM_175546	67667	0	0	1
1285	Wdr43	NM_175639	-1001	1	0	0
1286	Acer1	NM_175731	9574	0	0	1
1287	Arglu1	NM_176849	-20908	0	0	0
1288	Pld5	NM_176916	-91	1	0	0
1289	Lrtm1	NM_176920	-140649	0	0	0
1290	6430573F11Rik	NM_176952	-112793	0	0	0
1291	Galm	NM_176963	2336	0	0	1
1292	Galm	NM_176963	2305	0	0	1
1293	Trappc8	NM_177038	324	1	0	1
1294	Kif6	NM_177052	32670	0	0	1
1295	Sp8	NM_177082	-9789	0	0	0
1296	Fam179a	NM_177087	33286	0	0	1
1297	Lypd6	NM_177139	21693	0	0	1
1298	Lrig3	NM_177152	352314	0	0	0
1299	Atp2b3	NM_177236	225	1	1	0
1300	L3mbtl4	NM_177278	183480	0	1	0
1301	Wscd2	NM_177292	11993	0	0	1
1302	Dmrt3	NM_177360	-5155	0	0	0
1303	Cyp3a44	NM_177380	-23477	0	0	0
1304	Ust	NM_177387	269471	0	0	1
1305	Nalcn	NM_177393	82026	0	0	1
1306	Tram2	NM_177409	-42	1	0	0
1307	Tram2	NM_177409	-17689	0	0	0
1308	Usp46	NM_177561	92362	0	0	0
1309	Usp46	NM_177561	64559	0	0	1
1310	Cdc34	NM_177613	31	1	1	0
1311	Ttc22	NM_177667	3159	0	0	1
1312	Lsm14b	NM_177727	-164	1	0	0
1313	Zfp507	NM_177739	-122985	0	0	0
1314	Zfp507	NM_177739	-250529	0	0	0
1315	Zfp507	NM_177739	-354541	0	0	0
1316	Ppp1r3b	NM_177741	-118732	0	0	0
1317	Lhfpl4	NM_177763	1394	0	1	0
1318	D11Wsu47e	NM_177777	4403	0	1	0
1319	Erc2	NM_177814	158219	0	0	1
1320	Zfp236	NM_177832	-269	1	0	0
1321	Fam163a	NM_177838	183	1	1	0
1322	Fam163a	NM_177838	160	1	1	0
1323	E130311K13Rik	NM_177856	30690	0	0	0
1324	Saxo2	NM_177894	46033	0	0	1
1325	Eif5	NM_178041	-6963	0	0	0
1326	Arel1	NM_178065	689	1	0	1
1327	Lcorl	NM_178142	208	1	0	1
1328	Prkaa2	NM_178143	-2191	0	0	0
1329	Trim50	NM_178240	-1414	0	0	0
1330	Bsx	NM_178245	-66	1	0	0
1331	Reps2	NM_178256	-5	1	0	1
1332	Sall3	NM_178280	-385672	0	0	0
1333	Cidec	NM_178373	7401	0	0	1
1334	Zfp74	NM_178384	17397	0	1	0
1335	Vtcn1	NM_178594	-54031	0	0	0
1336	Rnf24	NM_178607	15	1	1	1
1337	Rgmb	NM_178615	19229	0	1	0
1338	Tmem108	NM_178638	86791	0	0	1
1339	Oog1	NM_178657	-18663	0	0	0
1340	Plppr1	NM_178756	62607	0	0	1
1341	Tmem72	NM_178768	-143653	0	0	0
1342	Prr18	NM_178774	433	1	1	0
1343	Rnf152	NM_178779	216530	0	0	0
1344	Epsti1	NM_178825	16966	0	0	1
1345	Garnl3	NM_178888	-43033	0	0	0
1346	Tnfrsf14	NM_178931	-7764	0	0	0
1347	Trappc9	NM_180662	-35	1	0	0
1348	Myo1e	NM_181072	91027	0	0	1
1349	Pxdn	NM_181395	64702	0	1	0
1350	Anks1b	NM_181398	120121	0	0	1
1351	Ppp1r9a	NM_181595	237	1	0	1
1352	Mkl2	NM_181860	5781	0	0	1
1353	Fam167b	NM_182783	-6440	0	0	0
1354	Fam19a2	NM_182807	134328	0	0	1
1355	Tmem150c	NM_182841	180	1	1	0
1356	A430033K04Rik	NM_183025	24514	0	1	0
1357	Pcmtd1	NM_183028	85	1	1	0
1358	Zfp516	NM_183033	-38718	0	0	0
1359	Zfp516	NM_183033	-38730	0	0	0
1360	Zfp516	NM_183033	-38713	0	0	0
1361	Plekhm1	NM_183034	-92708	0	0	0
1362	Ttc29	NM_183096	14056	0	0	1
1363	4931429L15Rik	NM_183104	-123451	0	0	0
1364	Elfn2	NM_183141	-399	1	0	0
1365	Elfn2	NM_183141	-394	1	0	0
1366	Elfn2	NM_183141	45166	0	1	0
1367	Fam107a	NM_183187	-1848	0	0	0
1368	Fat4	NM_183221	1023	0	1	0
1369	Fat4	NM_183221	4497	0	1	0
1370	Nr2f2	NM_183261	-521275	0	0	0
1371	Kctd2	NM_183285	7619	0	0	1
1372	Dhrs13	NM_183286	354	1	1	0
1373	Tcerg1l	NM_183289	-99568	0	0	0
1374	Pbx1	NM_183355	169981	0	0	1
1375	Calu	NM_184053	280	1	0	1
1376	Esrp1	NM_194055	2777	0	0	1
1377	Ffar1	NM_194057	652	1	1	0
1378	Ffar1	NM_194057	632	1	1	0
1379	Ffar1	NM_194057	631	1	1	0
1380	Foxo6	NM_194060	20067	0	1	0
1381	Foxo6	NM_194060	19417	0	1	0
1382	Foxo6	NM_194060	20062	0	1	0
1383	Bms1	NM_194339	85355	0	0	0
1384	Tspan15	NM_197996	43911	0	1	0
1385	Rcor1	NM_198023	53388	0	0	1
1386	Ssh1	NM_198109	30781	0	0	1
1387	Aspscr1	NM_198223	10223	0	0	1
1388	Tex2	NM_198292	-13407	0	0	0
1389	Tex2	NM_198292	55381	0	0	1
1390	Tanc1	NM_198294	290	1	0	1
1391	Arhgap39	NM_198420	-1003	0	0	0
1392	Mtss1l	NM_198625	6171	0	0	1
1393	Mtss1l	NM_198625	30989	0	0	1
1394	Cdh26	NM_198656	236439	0	0	0
1395	Gm5148	NM_198657	17041	0	0	0
1396	Stpg2	NM_198659	616004	0	0	0
1397	B4galnt3	NM_198884	99689	0	0	1
1398	Rusc2	NM_199057	9975	0	1	0
1399	Rusc2	NM_199057	8397	0	1	0
1400	3110062M04Rik	NM_199145	14	1	1	0
1401	Flrt2	NM_201518	-1378451	0	0	0
1402	Flrt2	NM_201518	-1378294	0	0	0
1403	Flrt2	NM_201518	-1378247	0	0	0
1404	Lmo7	NM_201529	169445	0	0	1
1405	Chrm2	NM_203491	-97990	0	0	0
1406	Chrm5	NM_205783	747	1	1	0
1407	Chrm5	NM_205783	748	1	1	0
1408	H2afy2	NM_207000	-67356	0	0	1
1409	H2-Ab1	NM_207105	1383	0	0	1
1410	Cebpe	NM_207131	-28156	0	0	1
1411	Igsf3	NM_207205	54193	0	1	0
1412	Tsga10	NM_207228	149	1	0	1
1413	Zfp532	NM_207255	21000	0	0	1
1414	Zfp532	NM_207255	-48742	0	0	0
1415	Ccdc87	NM_207268	100	1	1	0
1416	Osbpl1a	NM_207530	968	1	0	1
1417	Cadm1	NM_207676	-123589	0	0	0
1418	Dedd2	NM_207677	13894	0	0	1
1419	Dedd2	NM_207677	13871	0	0	1
1420	Esr2	NM_207707	81899	0	0	1
1421	Esr2	NM_207707	81893	0	0	1
1422	Tsix	NR_002844	17033	0	0	1
1423	Gm12070	NR_002890	661108	0	0	0
1424	Rprl2	NR_004439	450586	0	0	0
1425	Cdk3-ps	NR_004853	7220	0	1	0
1426	Cdk3-ps	NR_004853	7185	0	1	0
1427	B430010I23Rik	NR_015457	-31838	0	1	0
1428	2900041M22Rik	NR_015489	-127010	0	0	0
1429	A530013C23Rik	NR_015500	117843	0	0	0
1430	1700108J01Rik	NR_015532	-29813	0	0	1
1431	1700108J01Rik	NR_015532	-98478	0	0	1
1432	2610035D17Rik	NR_015556	114705	0	0	1
1433	2610035D17Rik	NR_015556	114680	0	0	1
1434	2610035D17Rik	NR_015556	53634	0	0	1
1435	2610035D17Rik	NR_015556	53615	0	0	1
1436	2610035D17Rik	NR_015556	53531	0	0	1
1437	9530036O11Rik	NR_015562	-9138	0	1	0
1438	9530036O11Rik	NR_015562	-538	1	0	1
1439	Zfp389	NR_026798	-78	1	0	0
1440	Snhg20	NR_027059	-26258	0	0	0
1441	Gorasp2	NR_027343	40192	0	0	0
1442	1500011B03Rik	NR_027818	17409	0	0	1
1443	4930470P17Rik	NR_027825	-60240	0	0	0
1444	4933432I09Rik	NR_027843	34642	0	0	0
1445	1700086O06Rik	NR_027904	-14154	0	0	0
1446	1700086O06Rik	NR_027904	-14173	0	0	0
1447	1700086O06Rik	NR_027904	-14159	0	0	0
1448	Igsf9b	NR_027907	890	1	1	0
1449	1700029M20Rik	NR_027909	28142	0	0	0
1450	9130230L23Rik	NR_027961	-14943	0	1	0
1451	Mgarp	NR_028121	8269	0	0	0
1452	Dubr	NR_028300	-25217	0	0	0
1453	Dubr	NR_028300	36375	0	0	0
1454	Dubr	NR_028300	-61145	0	0	0
1455	4930503E24Rik	NR_028310	83263	0	0	0
1456	Gm17762	NR_028378	-1043	0	1	0
1457	Ftx	NR_028380	5930	0	0	1
1458	Gm10190	NR_028385	537	1	1	0
1459	Tmem161b	NR_029419	59557	0	0	1
1460	Mirlet7i	NR_029527	31023	0	0	0
1461	Mirlet7i	NR_029527	31034	0	0	0
1462	Mir9-2	NR_029545	41054	0	0	0
1463	Mir122	NR_029600	-70772	0	0	1
1464	Mir29a	NR_029744	11205	0	0	0
1465	Mir34a	NR_029751	-1075	0	0	0
1466	Mir340	NR_029769	18864	0	0	1
1467	Mir101b	NR_029778	34480	0	0	0
1468	Mir9-3	NR_029818	3572	0	0	1
1469	Mir762	NR_030428	-45	1	1	0
1470	Mir698	NR_030480	-811	1	1	0
1471	Mir721	NR_030500	-20539	0	0	1
1472	Mir297c	NR_030555	240214	0	0	1
1473	A930011G23Rik	NR_030692	101963	0	0	1
1474	A930011G23Rik	NR_030692	101952	0	0	1
1475	A930011G23Rik	NR_030692	-63639	0	0	0
1476	Gm3434	NR_030729	-21870	0	0	0
1477	Gm6994	NR_033141	-1530	0	0	1
1478	Gm6994	NR_033141	138987	0	0	1
1479	Gm13375	NR_033225	62526	0	0	0
1480	9530091C08Rik	NR_033299	52074	0	0	1
1481	Arid5a	NR_033310	-8803	0	0	0
1482	Arid5a	NR_033310	-16250	0	0	0
1483	Gm10768	NR_033472	50613	0	0	1
1484	Mir124-2hg	NR_033490	-461656	0	0	0
1485	Gm10248	NR_033550	-295535	0	0	1
1486	4933401B06Rik	NR_033580	-43523	0	0	0
1487	Gm6300	NR_033591	-160352	0	0	0
1488	Gm13498	NR_033595	-23072	0	0	0
1489	Zscan4a	NR_033707	23070	0	0	0
1490	E330020D12Rik	NR_033736	6466	0	0	1
1491	Mir1905	NR_035434	22	1	1	0
1492	Mir1947	NR_035469	33593	0	0	0
1493	Mir1963	NR_035489	8914	0	0	1
1494	A730018C14Rik	NR_036459	50856	0	0	0
1495	Zim3	NR_036631	28375	0	0	1
1496	Mir1249	NR_037206	11857	0	1	0
1497	Mir3063	NR_037223	17588	0	0	0
1498	Mir3065	NR_037225	-13211	0	1	1
1499	Mir3079	NR_037240	-49044	0	0	1
1500	Mir3081	NR_037242	26487	0	0	1
1501	Mir3102	NR_037289	2318	0	1	0
1502	Mir1906-2	NR_037313	262	1	0	1
1503	Mir1906-2	NR_037313	262	1	0	1
1504	2700046A07Rik	NR_037693	-47108	0	0	0
1505	Lockd	NR_037956	-2181	0	0	0
1506	Gm20268	NR_037989	-185831	0	0	0
1507	2310043L19Rik	NR_037994	-40809	0	0	0
1508	Gm17751	NR_038013	-309423	0	0	0
1509	Gm20110	NR_038019	-71378	0	0	0
1510	1700028I16Rik	NR_038042	4585	0	0	1
1511	Gm10440	NR_038045	1628465	0	0	0
1512	Gm10440	NR_038045	-155683	0	0	0
1513	C030037D09Rik	NR_038058	62039	0	0	0
1514	Tmem132cos	NR_038127	-78503	0	1	0
1515	Gm3143	NR_038347	-108448	0	0	0
1516	Mir378b	NR_039545	21252	0	0	1
1517	Mir378b	NR_039545	123458	0	0	1
1518	Mir5130	NR_039592	329284	0	0	0
1519	Mir5130	NR_039592	290	1	1	0
1520	4732490B19Rik	NR_040276	-58274	0	0	1
1521	Platr14	NR_040322	-12658	0	0	0
1522	1700017J07Rik	NR_040326	9629	0	0	0
1523	Gm14204	NR_040359	42585	0	0	0
1524	A230028O05Rik	NR_040374	-320	1	0	0
1525	Gm16793	NR_040376	-906	1	1	0
1526	5730403I07Rik	NR_040378	18229	0	0	1
1527	5730403I07Rik	NR_040378	18200	0	0	1
1528	1700063D05Rik	NR_040392	11113	0	0	1
1529	Gm11549	NR_040411	1067	0	1	0
1530	1700017G19Rik	NR_040445	120622	0	0	0
1531	1700047G03Rik	NR_040447	-16578	0	0	0
1532	1700066B17Rik	NR_040465	12637	0	0	0
1533	Platr5	NR_040493	64696	0	0	0
1534	1700028P15Rik	NR_040509	304879	0	0	0
1535	1700028P15Rik	NR_040509	332084	0	0	0
1536	Sox5os3	NR_040519	-215282	0	0	0
1537	Gm20755	NR_040559	86136	0	0	1
1538	Gm1653	NR_040591	-48717	0	0	0
1539	9030204H09Rik	NR_040618	-33478	0	0	1
1540	Gm14015	NR_040637	128690	0	0	0
1541	Gm13490	NR_040639	-60573	0	0	0
1542	4930515B02Rik	NR_040654	-10403	0	0	0
1543	4930556G01Rik	NR_040655	636565	0	0	0
1544	BC039966	NR_040670	103729	0	0	0
1545	1700095B10Rik	NR_040675	-35780	0	1	0
1546	4933402J10Rik	NR_040682	-688035	0	0	0
1547	4933438B17Rik	NR_040685	10208	0	0	1
1548	1700081H04Rik	NR_040693	25287	0	0	0
1549	4930448I18Rik	NR_040696	542669	0	0	0
1550	Mir124a-1hg	NR_040709	-65349	0	0	0
1551	4930428G15Rik	NR_040730	206186	0	0	0
1552	4930428G15Rik	NR_040730	230805	0	0	0
1553	1700034K08Rik	NR_040756	-53617	0	0	0
1554	0610040F04Rik	NR_040757	162555	0	0	1
1555	Gm6936	NR_045001	20587	0	0	0
1556	Gm20187	NR_045052	54372	0	0	0
1557	4922502N22Rik	NR_045149	225414	0	0	0
1558	A330048O09Rik	NR_045162	-87275	0	0	0
1559	4930430F21Rik	NR_045186	-46578	0	0	1
1560	4833417C18Rik	NR_045187	8235	0	0	1
1561	A830082K12Rik	NR_045195	-34648	0	0	1
1562	1700064M15Rik	NR_045288	72129	0	0	0
1563	1700030O20Rik	NR_045345	28116	0	0	0
1564	4921531P14Rik	NR_045361	131473	0	0	0
1565	4930545E07Rik	NR_045374	126716	0	0	0
1566	4930578E11Rik	NR_045391	-340194	0	0	0
1567	4930452A19Rik	NR_045433	49537	0	0	0
1568	Bcor	NR_045434	23561	0	1	1
1569	Bcor	NR_045434	275	1	0	1
1570	3010001F23Rik	NR_045451	-157	1	0	0
1571	Platr21	NR_045455	6784	0	0	1
1572	Platr21	NR_045455	6775	0	0	1
1573	3110009F21Rik	NR_045466	202665	0	0	0
1574	1700003D09Rik	NR_045477	3503	0	0	1
1575	1700003D09Rik	NR_045477	3520	0	0	1
1576	1700029N11Rik	NR_045489	111250	0	0	0
1577	5930403L14Rik	NR_045643	154213	0	0	1
1578	E330011O21Rik	NR_045698	-10581	0	0	0
1579	D030025E07Rik	NR_045704	-196805	0	0	0
1580	I730028E13Rik	NR_045705	-6444	0	0	0
1581	1700030F04Rik	NR_045731	178122	0	0	0
1582	1700030F04Rik	NR_045731	-29701	0	0	0
1583	4930486I03Rik	NR_045734	121781	0	0	1
1584	4930505G20Rik	NR_045761	-240589	0	0	1
1585	1700123O21Rik	NR_045799	205676	0	0	1
1586	6330418K02Rik	NR_045821	-3111	0	1	0
1587	4921511I17Rik	NR_045829	28184	0	0	1
1588	E130006D01Rik	NR_045832	-159391	0	0	0
1589	4933417O13Rik	NR_045842	5387	0	0	1
1590	7420701I03Rik	NR_045860	-310022	0	0	0
1591	Gm10532	NR_045879	71574	0	0	1
1592	3200001D21Rik	NR_045888	-32125	0	0	1
1593	3100003L05Rik	NR_045907	109848	0	0	0
1594	9530027J09Rik	NR_045916	-617	1	0	0
1595	1700092K14Rik	NR_045930	55936	0	0	0
1596	4930402F11Rik	NR_045940	-3793	0	0	0
1597	4930404H11Rik	NR_045941	-64459	0	0	0
1598	4930432J09Rik	NR_045953	73304	0	0	0
1599	4930438E09Rik	NR_045961	-94066	0	0	0
1600	4930465M20Rik	NR_045973	39628	0	0	0
1601	4930465M20Rik	NR_045973	39629	0	0	0
1602	4930465M20Rik	NR_045973	-3854	0	0	0
1603	4930465M20Rik	NR_045973	24935	0	0	0
1604	Tmem150cos	NR_045993	-17686	0	0	1
1605	Gm11981	NR_046025	-44014	0	0	0
1606	Gm20759	NR_046030	39332	0	0	0
1607	Gm20759	NR_046030	39341	0	0	0
1608	Gm11186	NR_046047	-75851	0	0	0
1609	Gm10677	NR_046048	-107332	0	0	0
1610	4931430N09Rik	NR_046053	-50275	0	0	1
1611	4931430N09Rik	NR_046053	44338	0	0	1
1612	Gm4265	NR_046077	-65607	0	0	0
1613	D730050B12Rik	NR_046196	-47327	0	0	0
1614	Rn45s	NR_046233	556	1	1	0
1615	Rn45s	NR_046233	576	1	1	0
1616	Rn45s	NR_046233	577	1	1	0
1617	Rn45s	NR_046233	1696	0	1	0
1618	Rn45s	NR_046233	2472	0	1	0
1619	Rn45s	NR_046233	567	1	1	0
1620	Rn45s	NR_046233	559	1	1	0
1621	Rn45s	NR_046233	560	1	1	0
1622	Rn45s	NR_046233	1394	0	1	0
1623	Rn45s	NR_046233	579	1	1	0
1624	Gm38404	NR_073373	56807	0	0	0
1625	Gm38404	NR_073373	-68629	0	0	0
1626	2610027K06Rik	NR_077059	21692	0	0	1
1627	Ano4	NR_102339	-87192	0	0	0
1628	Ano4	NR_102339	-87236	0	0	0
1629	Dmrt1i	NR_102374	-268	1	0	1
1630	5930430L01Rik	NR_102383	10315	0	0	0
1631	6030469F06Rik	NR_102715	-18803	0	0	0
