	name	feature.name	dist.to.feature	prom	exon	intron
1	BC048546	NM_001001179	9653	0	0	1
2	Mfsd4b5	NM_001001489	-4093	0	0	0
3	Itprip	NM_001001738	22465	0	1	0
4	Itprip	NM_001001738	22618	0	1	0
5	Prrxl1	NM_001001796	-321	1	0	0
6	Zfp36l2	NM_001001806	24248	0	0	0
7	2510009E07Rik	NM_001001881	98718	0	0	1
8	Panx2	NM_001002005	7957	0	1	0
9	Tdrd1	NM_001002238	-4258	0	0	0
10	Tdrd1	NM_001002238	-4254	0	0	0
11	Rpl17	NM_001002239	249	1	0	1
12	Erbb2	NM_001003817	6790	0	0	1
13	Erbb2	NM_001003817	6785	0	0	1
14	Crtc1	NM_001004062	-13091	0	1	0
15	Zfp619	NM_001004139	34913	0	0	0
16	Whamm	NM_001004185	405	1	1	0
17	Whamm	NM_001004185	22457	0	1	0
18	Nuak1	NM_001004363	-17197	0	0	0
19	Cxxc4	NM_001004367	-221749	0	0	0
20	Ado	NM_001005419	-117923	0	0	0
21	Ado	NM_001005419	-117946	0	0	0
22	Mreg	NM_001005423	90564	0	0	0
23	Eif2a	NM_001005509	-187	1	1	0
24	Phactr1	NM_001005748	-206427	0	0	1
25	Phactr1	NM_001005748	-204929	0	0	1
26	Mtus1	NM_001005863	20227	0	0	1
27	Best3	NM_001007583	14959	0	0	1
28	Unc13d	NM_001009573	14277	0	1	0
29	Slc25a51	NM_001009949	-58993	0	0	1
30	Slc38a8	NM_001009950	22380	0	0	0
31	Scgb2b20	NM_001009952	36645	0	0	0
32	Hrh2	NM_001010973	72910	0	0	0
33	Rnase13	NM_001011687	-9567	0	0	0
34	Zfp708	NM_001012448	4140	0	0	1
35	Fut10	NM_001012517	32002	0	0	1
36	Usp13	NM_001013024	-128	1	0	0
37	E2f8	NM_001013368	-646	1	0	0
38	Zfp930	NM_001013379	-32412	0	0	0
39	Dync1li2	NM_001013380	254	1	1	0
40	Lrrc52	NM_001013382	6495	0	0	1
41	Tmem151b	NM_001013749	4422	0	1	0
42	Lingo3	NM_001013758	143	1	0	1
43	Zfp488	NM_001013777	3264	0	0	1
44	Maml2	NM_001013813	-58969	0	0	0
45	Dyrk2	NM_001014390	-14491	0	0	0
46	Dyrk2	NM_001014390	-14478	0	0	0
47	Dyrk2	NM_001014390	527	1	0	1
48	Dyrk2	NM_001014390	-14733	0	0	0
49	Dppa4	NM_001018002	734	1	0	1
50	Anks6	NM_001024136	-7891	0	0	0
51	Mctp2	NM_001024703	849957	0	0	0
52	Mctp2	NM_001024703	849947	0	0	0
53	Mctp2	NM_001024703	849931	0	0	0
54	Mctp2	NM_001024703	849927	0	0	0
55	Triobp	NM_001024716	-5894	0	0	1
56	Apol7b	NM_001024848	13165	0	0	1
57	Ntrk2	NM_001025074	269273	0	0	1
58	Ntrk2	NM_001025074	71305	0	0	1
59	Mbp	NM_001025254	27274	0	0	1
60	Eno1b	NM_001025388	141095	0	0	0
61	Eno1b	NM_001025388	141095	0	0	0
62	Eno1b	NM_001025388	21369	0	0	0
63	Eno1b	NM_001025388	21369	0	0	0
64	Eno1b	NM_001025388	21374	0	0	0
65	Eno1b	NM_001025388	21374	0	0	0
66	Camk2d	NM_001025439	42339	0	0	1
67	Sox6	NM_001025560	137	1	1	1
68	Sox6	NM_001025560	111	1	1	1
69	Kcnc2	NM_001025581	177915	0	0	1
70	Kcnj6	NM_001025590	125517	0	0	0
71	Kcnj6	NM_001025590	6519	0	0	1
72	Pknox2	NM_001029838	118318	0	0	1
73	Vrk1	NM_001029844	174655	0	0	0
74	Pdzd4	NM_001029868	695	1	0	1
75	Pdzd4	NM_001029868	260	1	1	0
76	Bbs1	NM_001033128	-8995	0	0	1
77	Sdhaf1	NM_001033140	276	1	1	0
78	Fbxo33	NM_001033156	-212055	0	0	0
79	Fbxo33	NM_001033156	-301351	0	0	0
80	Skap1	NM_001033186	75788	0	0	1
81	C77080	NM_001033189	22274	0	0	1
82	Gtf3c3	NM_001033194	-50186	0	0	1
83	Prickle1	NM_001033217	29144	0	0	1
84	Prickle1	NM_001033217	47507	0	0	1
85	Prickle1	NM_001033217	-95582	0	0	0
86	Ccdc114	NM_001033243	606	1	0	1
87	Gm266	NM_001033248	-178	1	0	0
88	Qrich2	NM_001033267	391	1	0	1
89	Spata13	NM_001033272	-47544	0	0	0
90	Gxylt1	NM_001033275	141495	0	0	0
91	Gxylt1	NM_001033275	141515	0	0	0
92	Spryd3	NM_001033277	2558	0	0	1
93	Shb	NM_001033306	23551	0	0	1
94	Zbtb16	NM_001033324	15884	0	0	1
95	Zbtb16	NM_001033324	10879	0	0	1
96	Mmp25	NM_001033339	5028	0	1	0
97	Lrrc30	NM_001033340	80295	0	0	0
98	Lrrc30	NM_001033340	132442	0	0	0
99	Cdc42bpg	NM_001033342	442	1	0	1
100	Ccdc27	NM_001033455	-21723	0	1	0
101	Wdr72	NM_001033500	34891	0	0	1
102	Ifitm6	NM_001033632	-837	1	0	0
103	Adamts17	NM_001033877	27695	0	0	1
104	Fam92b	NM_001033980	-30505	0	0	0
105	Fam92b	NM_001033980	-30535	0	0	0
106	Fam92b	NM_001033980	-51956	0	0	0
107	Limk2	NM_001034030	2811	0	1	1
108	Shank1	NM_001034115	15732	0	1	0
109	Atp2b2	NM_001036684	34383	0	0	1
110	Nfatc2	NM_001037178	-28905	0	0	0
111	Atp11c	NM_001037863	160	1	1	0
112	Gm6878	NM_001037931	5582	0	0	1
113	Dbi	NM_001037999	9207	0	0	0
114	Cldn19	NM_001038590	1646	0	0	1
115	Glrx2	NM_001038594	13575	0	1	0
116	Sel1l	NM_001039089	-163808	0	0	0
117	Defb25	NM_001039122	8085	0	0	0
118	Cd226	NM_001039149	113366	0	0	1
119	Triobp	NM_001039156	3410	0	0	1
120	Rbfox3	NM_001039167	706	1	0	1
121	Mex3c	NM_001039214	-136479	0	0	0
122	Mex3c	NM_001039214	-136564	0	0	0
123	Mex3c	NM_001039214	29286	0	0	0
124	Plekhm3	NM_001039493	88833	0	0	1
125	Pigl	NM_001039536	-4	1	0	0
126	1700015E13Rik	NM_001039593	98278	0	0	1
127	Edem3	NM_001039644	124517	0	0	0
128	Slc39a2	NM_001039676	3203	0	0	0
129	Slc30a2	NM_001039677	-3718	0	0	0
130	Spint5	NM_001040055	8459	0	0	0
131	Nynrin	NM_001040072	10189	0	1	0
132	Selt	NM_001040396	-19735	0	0	1
133	Filip1l	NM_001040397	38348	0	0	1
134	Filip1l	NM_001040397	38375	0	0	1
135	Filip1l	NM_001040397	38351	0	0	1
136	Filip1l	NM_001040397	38362	0	0	1
137	Thsd4	NM_001040426	17894	0	0	1
138	Shroom4	NM_001040459	273	1	0	1
139	Dear1	NM_001040461	-20286	0	0	0
140	Clmn	NM_001040682	-28702	0	0	0
141	Med15	NM_001040683	-3895	0	0	0
142	Med15	NM_001040683	-3919	0	0	0
143	Txnrd1	NM_001042523	-3723	0	0	0
144	Cyb5d1	NM_001045525	-84	1	0	0
145	Prl2c1	NM_001045532	64117	0	0	0
146	Bdnf	NM_001048139	564	1	0	1
147	Nrp2	NM_001077404	19198	0	0	1
148	Sdhaf3	NM_001077713	55838	0	0	1
149	Bcl11b	NM_001079883	-565	1	0	0
150	Fam65b	NM_001080381	39181	0	1	0
151	Fam65b	NM_001080381	39153	0	1	0
152	Hdx	NM_001080549	-197811	0	0	0
153	Gtf2i	NM_001080746	-18400	0	0	0
154	Gtf2i	NM_001080746	-18390	0	0	0
155	Gtf2i	NM_001080749	17968	0	0	1
156	Prdm13	NM_001080771	-2949	0	0	0
157	Gm1123	NM_001080776	-51423	0	0	1
158	Gm1123	NM_001080776	-51459	0	0	1
159	1700029H14Rik	NM_001080781	-5909	0	1	0
160	Fat3	NM_001080814	81446	0	0	1
161	Rapgefl1	NM_001080925	-6526	0	0	1
162	Rapgefl1	NM_001080925	-6547	0	0	1
163	Ptpn23	NM_001081043	-5049	0	0	0
164	Ptpn23	NM_001081043	-5126	0	0	0
165	Trappc10	NM_001081055	-100	1	0	0
166	Mcur1	NM_001081059	5072	0	0	1
167	Pdzd2	NM_001081064	-91341	0	0	0
168	Armc3	NM_001081083	74258	0	0	1
169	Grik3	NM_001081097	-125587	0	0	0
170	Aunip	NM_001081099	-4034	0	1	0
171	Arhgap36	NM_001081123	60	1	1	0
172	Prickle2	NM_001081146	-22893	0	0	0
173	Oxtr	NM_001081147	-64505	0	0	0
174	Npat	NM_001081152	-157	1	0	0
175	Chsy1	NM_001081163	-381	1	0	0
176	Chsy1	NM_001081163	64889	0	0	0
177	Sap30l	NM_001081168	-50387	0	0	1
178	Lama5	NM_001081171	20876	0	0	1
179	Lama5	NM_001081171	1392	0	0	1
180	Rsg1	NM_001081174	6127	0	1	0
181	Adgrf5	NM_001081178	9371	0	0	1
182	L1td1	NM_001081202	-13069	0	0	1
183	L1td1	NM_001081202	29674	0	1	0
184	B3glct	NM_001081204	293	1	0	1
185	Fam186b	NM_001081254	7848	0	1	0
186	Tmem28	NM_001081283	-969	1	0	0
187	Tmem28	NM_001081283	32369	0	0	0
188	Tshz1	NM_001081300	346075	0	0	0
189	Tshz1	NM_001081300	7404	0	0	1
190	Tshz1	NM_001081300	346049	0	0	0
191	Trio	NM_001081302	102084	0	0	1
192	Mphosph9	NM_001081323	101	1	1	0
193	Hs3st2	NM_001081327	-141321	0	0	0
194	Hs3st2	NM_001081327	-65	1	0	0
195	Cped1	NM_001081351	15355	0	0	1
196	Shank2	NM_001081370	-29	1	0	1
197	Chd5	NM_001081376	-5067	0	1	0
198	Elp6	NM_001081381	-23892	0	0	0
199	Zfp777	NM_001081382	23493	0	1	0
200	Rimbp2	NM_001081388	107060	0	0	1
201	1810013L24Rik	NM_001081400	993	1	0	1
202	Fndc1	NM_001081416	-16139	0	0	0
203	Wdr86	NM_001081441	-3275	0	0	0
204	Gtf2ird1	NM_001081469	-38449	0	0	1
205	Camta1	NM_001081557	299325	0	0	1
206	Camta1	NM_001081557	296102	0	0	1
207	Camta1	NM_001081557	391925	0	0	1
208	Dytn	NM_001081658	81629	0	0	0
209	Slc25a53	NM_001082412	119	1	0	1
210	Pla2g2a	NM_001082531	8336	0	0	1
211	Itgam	NM_001082960	-3311	0	0	0
212	Lhx6	NM_001083127	6300	0	0	1
213	Lhx6	NM_001083127	6459	0	0	1
214	Ptchd2	NM_001083342	31147	0	1	0
215	Xirp2	NM_001083919	-45971	0	0	0
216	Arid1b	NM_001085355	-229135	0	0	0
217	1600014C10Rik	NM_001085385	-11407	0	0	0
218	Pramef6	NM_001085414	18295	0	0	0
219	Zfp467	NM_001085416	6176	0	1	1
220	Zfp467	NM_001085416	6182	0	1	1
221	Gm436	NM_001085504	25001	0	0	0
222	Gm436	NM_001085504	9542	0	0	1
223	H2al1k	NM_001085537	-18034	0	0	0
224	Trabd2b	NM_001085549	133614	0	0	1
225	Trabd2b	NM_001085549	133565	0	0	1
226	Ptchd1	NM_001093750	-214081	0	0	0
227	Ptchd1	NM_001093750	-214093	0	0	0
228	Myadm	NM_001093766	4114	0	1	0
229	Kif26a	NM_001097621	31671	0	1	0
230	Nr1i2	NM_001098404	89311	0	0	1
231	Tox2	NM_001098799	-36789	0	0	0
232	Ptrh2	NM_001098810	14075	0	0	1
233	Tekt5	NM_001099275	10031	0	0	1
234	Ajap1	NM_001099299	538	1	1	0
235	Ajap1	NM_001099299	20682	0	0	1
236	Myof	NM_001099634	57753	0	0	1
237	Pklr	NM_001099779	11294	0	1	0
238	Smim24	NM_001099917	15148	0	1	0
239	Slc35g2	NM_001101483	-12133	0	0	0
240	Gsg1l	NM_001101488	122234	0	0	1
241	Gsg1l	NM_001101488	122201	0	0	1
242	Gm9376	NM_001101609	37593	0	0	0
243	Stx16	NM_001102423	-1944	0	0	0
244	Stx16	NM_001102423	-89126	0	0	0
245	Tmc5	NM_001105252	4900	0	0	1
246	Gm11545	NM_001105561	19264	0	0	0
247	Bach2	NM_001109661	-173985	0	0	0
248	Bach2	NM_001109661	-173977	0	0	0
249	Bach2	NM_001109661	-173992	0	0	0
250	Skor2	NM_001109743	15871	0	0	1
251	Apold1	NM_001109914	-18664	0	0	0
252	Banp	NM_001110100	123690	0	0	0
253	Keap1	NM_001110305	11284	0	0	0
254	Capn12	NM_001110807	37690	0	0	1
255	Cd34	NM_001111059	99	1	1	0
256	Sprtn	NM_001111141	14853	0	0	1
257	Sprtn	NM_001111141	14889	0	0	1
258	Arhgef10l	NM_001112722	89	1	1	0
259	Ncam2	NM_001113208	-270496	0	0	0
260	Synj2	NM_001113351	-16202	0	0	1
261	Shank2	NM_001113373	-42525	0	0	1
262	Lrrc32	NM_001113379	-10653	0	0	0
263	Sept9	NM_001113487	19476	0	0	1
264	Sept9	NM_001113487	-1406	0	0	1
265	Sept9	NM_001113487	-1439	0	0	1
266	Sept9	NM_001113488	9040	0	0	1
267	Sox5	NM_001113559	159386	0	0	1
268	Mtcl1	NM_001114098	107975	0	0	1
269	Plcl1	NM_001114663	91893	0	0	1
270	Pard3	NM_001122850	57155	0	0	1
271	Tfap2a	NM_001122948	20216	0	0	0
272	Tfap2a	NM_001122948	20221	0	0	0
273	Prdm12	NM_001123362	-30118	0	0	1
274	Sema4c	NM_001126047	-11465	0	0	1
275	Pparg	NM_001127330	538	1	0	1
276	Snx10	NM_001127348	9585	0	0	1
277	Psen2	NM_001128605	-7300	0	0	0
278	Epb41	NM_001128606	65	1	1	1
279	Epb41	NM_001128607	-17779	0	0	0
280	Arhgef1	NM_001130152	27766	0	0	0
281	Jade1	NM_001130186	19561	0	0	1
282	Nucb2	NM_001130479	79928	0	0	0
283	Nucb2	NM_001130479	139584	0	0	0
284	Prr23a1	NM_001134660	-11175	0	0	0
285	CK137956	NM_001134733	211781	0	0	0
286	CK137956	NM_001134733	211788	0	0	0
287	Ppp2r5c	NM_001135001	-73685	0	0	0
288	3110062M04Rik	NM_001135611	-39	1	0	0
289	Nfatc2	NM_001136073	36629	0	0	1
290	Golga7b	NM_001141983	-16370	0	0	0
291	Golga7b	NM_001141983	-16418	0	0	0
292	Tgif2lx2	NM_001142750	-252674	0	0	0
293	Tgif2lx2	NM_001142750	-252674	0	0	0
294	Tcf7l2	NM_001142924	134662	0	0	0
295	Tcf7l2	NM_001142924	134641	0	0	0
296	Gm17359	NM_001142953	34007	0	0	1
297	Frrs1l	NM_001142965	-5400	0	0	0
298	H2-Q4	NM_001143689	-60	1	0	0
299	Spg20	NM_001144987	11159	0	0	1
300	Arhgap40	NM_001145015	38076	0	0	0
301	Arhgap40	NM_001145015	41804	0	0	0
302	Arhgef33	NM_001145452	15241	0	0	1
303	Rfx8	NM_001145660	32203	0	0	1
304	Rfx8	NM_001145660	-13106	0	0	0
305	Tiam1	NM_001145887	-45344	0	0	1
306	Tenm3	NM_001145937	-20628	0	0	0
307	C5ar2	NM_001146005	4288	0	0	1
308	C5ar2	NM_001146005	4257	0	0	1
309	C5ar2	NM_001146005	4256	0	0	1
310	Wdfy4	NM_001146022	75446	0	1	0
311	Hk1	NM_001146100	10535	0	0	1
312	Gm10696	NM_001146107	-41463	0	0	0
313	Mrps10	NM_001146211	-12	1	0	0
314	Smoc1	NM_001146217	276	1	1	0
315	Sh3rf2	NM_001146299	13367	0	0	1
316	Gjc1	NM_001159382	425	1	0	1
317	Ces3b	NM_001159415	15504	0	0	0
318	H2afy	NM_001159514	18354	0	0	1
319	H2afy	NM_001159514	82954	0	0	0
320	Fip1l1	NM_001159574	49667	0	0	1
321	Crybb3	NM_001159650	-38635	0	0	1
322	Proser2	NM_001159657	29577	0	1	0
323	Tfap2c	NM_001159696	188033	0	0	0
324	Ccdc85c	NM_001159910	30381	0	0	1
325	Klhdc7b	NM_001160178	-3798	0	0	0
326	Cnih3	NM_001160212	-58855	0	0	0
327	Nfasc	NM_001160316	-18007	0	0	1
328	Ubr4	NM_001160319	-7421	0	0	1
329	Ppp2r3a	NM_001161362	-365657	0	0	0
330	Cdkn1c	NM_001161624	32490	0	0	0
331	Cdkn1c	NM_001161624	32355	0	0	0
332	Cdkn1c	NM_001161624	15930	0	0	0
333	Kif26b	NM_001161665	386360	0	1	0
334	Phactr4	NM_001161797	-13617	0	0	0
335	Mthfr	NM_001161798	-948	1	0	1
336	Hcrtr1	NM_001163027	8107	0	1	0
337	Cog5	NM_001163126	181	1	0	1
338	Etv1	NM_001163154	122777	0	0	0
339	Enthd1	NM_001163189	129878	0	0	0
340	Enthd1	NM_001163189	129857	0	0	0
341	Fscb	NM_001163271	1066116	0	0	0
342	Clrn2	NM_001163317	9703	0	0	1
343	Snx11	NM_001163389	129771	0	0	1
344	Snx11	NM_001163389	116305	0	0	1
345	Snx11	NM_001163389	102174	0	0	1
346	Snx11	NM_001163389	129759	0	0	1
347	Snx11	NM_001163389	116300	0	0	1
348	Trpc4ap	NM_001163452	-9278	0	0	0
349	Trpc4ap	NM_001163452	-9321	0	1	0
350	Trpc4ap	NM_001163452	-9279	0	0	0
351	Trpc4ap	NM_001163452	-9254	0	0	0
352	Cox18	NM_001163456	8910	0	1	0
353	Naf1	NM_001163564	813	1	1	0
354	Wnt7b	NM_001163634	15860	0	0	1
355	Dok5	NM_001163686	7024	0	0	1
356	Nlrx1	NM_001163743	6747	0	0	1
357	Rab3gap2	NM_001163754	-51285	0	0	0
358	C530008M17Rik	NM_001163793	-87723	0	0	0
359	C530008M17Rik	NM_001163793	16945	0	1	0
360	Pdik1l	NM_001163794	990	1	0	1
361	Ntf3	NM_001164035	22491	0	0	1
362	Mb	NM_001164048	23733	0	0	0
363	Tgif1	NM_001164074	-11994	0	0	0
364	Tgif1	NM_001164074	-35641	0	0	0
365	Tgif1	NM_001164074	-35680	0	0	0
366	Pex3	NM_001164195	-130782	0	0	1
367	Loxl4	NM_001164311	-54723	0	0	0
368	Chadl	NM_001164320	-220	1	0	0
369	Nt5c2	NM_001164363	-8186	0	1	0
370	Nt5c2	NM_001164365	-20564	0	0	1
371	Nt5c2	NM_001164365	-20549	0	0	1
372	Fam170b	NM_001164485	1482	0	1	0
373	Rnf165	NM_001164504	-38500	0	0	0
374	Sipa1	NM_001164568	2861	0	1	0
375	Sipa1	NM_001164568	2876	0	1	0
376	Sipa1	NM_001164568	2903	0	1	0
377	Irf2bp2	NM_001164598	672	1	1	0
378	Irf2bp2	NM_001164598	-8220	0	0	0
379	Amigo2	NM_001164602	-137128	0	1	0
380	Amigo2	NM_001164602	-225337	0	0	0
381	Amigo2	NM_001164602	-225345	0	0	0
382	Amigo2	NM_001164602	-225472	0	0	0
383	Rnf14	NM_001164621	-12	1	1	0
384	Endov	NM_001164636	-38725	0	0	0
385	Soga1	NM_001164663	13236	0	0	1
386	Soga1	NM_001164663	30094	0	0	1
387	Gm6710	NM_001164689	50228	0	0	0
388	Gm6710	NM_001164689	50228	0	0	0
389	Robo3	NM_001164767	-27387	0	0	0
390	Mia2	NM_001165253	5820	0	0	1
391	Akt1	NM_001165894	-534	1	0	0
392	Cldn14	NM_001165926	-27914	0	0	1
393	Rgs9	NM_001165934	16594	0	0	1
394	Hnrnpf	NM_001166427	416	1	0	1
395	Slc38a1	NM_001166458	-15181	0	0	0
396	Slc39a11	NM_001166503	169136	0	0	1
397	Dgkz	NM_001166597	2267	0	0	1
398	Zfp651	NM_001166644	5656	0	0	1
399	Klhl33	NM_001166651	736	1	1	0
400	Ephb1	NM_001168296	387181	0	0	1
401	Ephb1	NM_001168296	382162	0	0	1
402	Ephb1	NM_001168296	361500	0	0	1
403	Tinagl1	NM_001168333	668	1	1	0
404	Tinagl1	NM_001168333	695	1	1	0
405	Dynll2	NM_001168472	35716	0	0	0
406	Mapk14	NM_001168513	-279	1	0	1
407	Tsku	NM_001168540	130	1	0	1
408	Ctps2	NM_001168569	132	1	1	1
409	Slc35b3	NM_001170431	-213333	0	0	0
410	Slc35b3	NM_001170431	-213371	0	0	0
411	Rnf144b	NM_001170643	44370	0	0	1
412	Ncald	NM_001170866	13329	0	0	1
413	Rbms3	NM_001172121	63388	0	0	1
414	Cacna2d2	NM_001174048	792	1	0	1
415	Celf4	NM_001174074	977	1	0	1
416	Krt36	NM_001174099	3327	0	1	0
417	Myc	NM_001177353	-57795	0	0	0
418	Nfkb2	NM_001177370	10095	0	0	1
419	Cpeb2	NM_001177379	-571555	0	0	0
420	Tldc2	NM_001177439	13277	0	0	1
421	Gm7102	NM_001177513	97267	0	0	1
422	Gm4340	NM_001177535	-3303	0	0	0
423	Gm4340	NM_001177535	-3303	0	0	0
424	Gm4340	NM_001177535	-3303	0	0	0
425	Gm4340	NM_001177535	-3303	0	0	0
426	Gm4340	NM_001177535	-3303	0	0	0
427	Nsmf	NM_001177654	-14687	0	1	0
428	Nsmf	NM_001177654	-32874	0	0	1
429	Tsc22d1	NM_001177751	22	1	1	1
430	Rreb1	NM_001177869	41378	0	1	1
431	Mrps36	NM_001190264	139	1	0	1
432	Gm4832	NM_001190356	136132	0	0	0
433	Adamtsl3	NM_001190374	75692	0	0	1
434	Adamtsl3	NM_001190374	149669	0	0	1
435	Dact1	NM_001190466	-62682	0	0	0
436	Dlk1	NM_001190703	42938	0	0	0
437	Dlk1	NM_001190703	18340	0	0	0
438	Meis1	NM_001193271	296458	0	0	0
439	Morc4	NM_001193309	350	1	1	0
440	Abhd12b	NM_001195033	-18145	0	0	0
441	Pak3	NM_001195049	-931	1	0	1
442	Phc2	NM_001195083	-15254	0	1	0
443	Gm5294	NM_001195128	1099	0	0	1
444	Arhgap32	NM_001195632	-83308	0	0	0
445	Plscr5	NM_001195693	-133499	0	0	0
446	Lrrc74a	NM_001195767	68121	0	0	0
447	Arhgef2	NM_001198913	12828	0	0	1
448	Lgals8	NM_001199043	-16527	0	1	0
449	Tex14	NM_001199293	12356	0	0	1
450	Rapgef4	NM_001204166	1377	0	0	1
451	Reep3	NM_001204915	190372	0	0	0
452	Jarid2	NM_001205043	2207	0	0	1
453	Jdp2	NM_001205053	8128	0	1	0
454	Pnoc	NM_001205075	1636	0	0	1
455	Iffo2	NM_001205173	-18703	0	0	1
456	Gramd4	NM_001205353	55108	0	0	1
457	Hk3	NM_001206391	12589	0	0	1
458	Hk3	NM_001206391	14868	0	1	0
459	Arntl	NM_001243048	73552	0	0	1
460	Sema3a	NM_001243072	-301629	0	0	0
461	Greb1	NM_001252071	21629	0	0	1
462	Fam19a5	NM_001252310	40163	0	0	1
463	Fam19a5	NM_001252310	386	1	0	1
464	Fam19a5	NM_001252310	-110154	0	0	0
465	Slc6a15	NM_001252330	242119	0	0	0
466	Cyfip2	NM_001252460	2918	0	0	1
467	Cyfip2	NM_001252460	2934	0	0	1
468	St6gal1	NM_001252506	10339	0	0	1
469	St6gal1	NM_001252506	10332	0	0	1
470	Llgl2	NM_001252532	34373	0	0	0
471	Sulf2	NM_001252578	56942	0	0	1
472	Zmynd8	NM_001252585	6144	0	1	0
473	Zmynd8	NM_001252585	6185	0	0	1
474	Zmynd8	NM_001252585	6194	0	0	1
475	Rhobtb1	NM_001252636	-216561	0	0	0
476	Tbc1d7	NM_001252639	-40327	0	0	1
477	Atg7	NM_001253717	82295	0	0	1
478	Fstl5	NM_001253719	686951	0	0	0
479	Tet1	NM_001253857	-7164	0	0	0
480	Scn5a	NM_001253860	15069	0	0	1
481	Scn5a	NM_001253860	10216	0	0	1
482	Scn5a	NM_001253860	3767	0	0	1
483	Scn5a	NM_001253860	-1168	0	0	1
484	Scn5a	NM_001253860	-6949	0	0	1
485	1700023F06Rik	NM_001254724	15903	0	0	1
486	7530416G11Rik	NM_001256072	-4489	0	0	0
487	7530416G11Rik	NM_001256072	-4507	0	0	0
488	7530416G11Rik	NM_001256072	-4513	0	0	0
489	Eif4g3	NM_001256198	57529	0	0	1
490	Nrep	NM_001267717	31807	0	0	0
491	Igip	NM_001267796	20338	0	0	0
492	Ccdc30	NM_001270435	93	1	1	0
493	Prl8a6	NM_001271379	-8518	0	0	0
494	Capg	NM_001271395	1064	0	0	1
495	Cdc7	NM_001271566	87488	0	0	0
496	Cdc7	NM_001271566	87418	0	0	0
497	Cdc7	NM_001271566	87434	0	0	0
498	Ackr3	NM_001271607	54006	0	0	0
499	Ano5	NM_001271879	-439	1	0	0
500	Eya2	NM_001271963	217	1	1	0
501	Spns2	NM_001276383	1670	0	0	1
502	Ube2dnl1	NM_001276396	-209682	0	0	0
503	Ism1	NM_001276489	99910	0	0	0
504	Grip1	NM_001277292	-404	1	0	0
505	Grip1	NM_001277295	-22162	0	0	1
506	Pex5	NM_001277330	4339	0	0	1
507	Pex5	NM_001277805	-2764	0	0	0
508	Farsb	NM_001278075	84427	0	0	1
509	Umod	NM_001278605	2462	0	1	0
510	Chrna7	NM_007390	232391	0	0	0
511	Acvr2a	NM_007396	-1128530	0	0	0
512	Adcy7	NM_007406	410	1	0	1
513	Adra1b	NM_007416	21052	0	0	1
514	Adra2c	NM_007418	922	1	1	0
515	Adrb1	NM_007419	25833	0	0	0
516	Adrb2	NM_007420	-593	1	0	0
517	Adrb2	NM_007420	202	1	1	0
518	Alx4	NM_007442	-17292	0	0	0
519	Apc	NM_007462	-51929	0	0	0
520	Aqp1	NM_007472	-41419	0	0	1
521	Arf2	NM_007477	75124	0	0	0
522	Arf6	NM_007481	16208	0	0	0
523	Arf6	NM_007481	16207	0	0	0
524	Arg1	NM_007482	-88886	0	0	0
525	Art2a-ps	NM_007490	12023	0	0	0
526	Arx	NM_007492	11190	0	1	0
527	Barx1	NM_007526	5551	0	0	0
528	Bmi1	NM_007552	639	1	0	1
529	Bmp7	NM_007557	23123	0	0	1
530	Bpgm	NM_007563	73143	0	0	0
531	Zfp36l1	NM_007564	-1459	0	0	0
532	Zfp36l1	NM_007564	99069	0	0	0
533	Birc6	NM_007566	602	1	0	1
534	C1qc	NM_007574	2449	0	1	0
535	Cacng1	NM_007582	-33070	0	0	1
536	Anxa2	NM_007585	-16353	0	0	0
537	Car4	NM_007607	6366	0	1	0
538	Cbx4	NM_007625	-6792	0	0	0
539	Cd38	NM_007646	40545	0	0	1
540	Cd48	NM_007649	13642	0	1	0
541	Cd9	NM_007657	3382	0	0	1
542	Cdk1	NM_007659	17738	0	0	0
543	Cdh15	NM_007662	28284	0	0	0
544	Cdh8	NM_007667	409	1	0	1
545	Cdkn2c	NM_007671	7823	0	0	0
546	Cdx2	NM_007673	2267	0	0	1
547	Cfl1	NM_007687	141	1	1	0
548	Elovl3	NM_007703	5261	0	1	0
549	Cit	NM_007708	68588	0	0	1
550	Cnr1	NM_007726	-146	1	0	0
551	Col4a4	NM_007735	58594	0	0	1
552	Col9a1	NM_007740	108204	0	0	1
553	Col1a2	NM_007743	-95687	0	0	0
554	Cox6a1	NM_007748	-9143	0	0	0
555	Cox7c	NM_007749	-1081698	0	0	0
556	Cox7c	NM_007749	-1081595	0	0	0
557	Cpd	NM_007754	56	1	1	0
558	Csk	NM_007783	-5710	0	0	0
559	Cyb561	NM_007805	154095	0	0	1
560	Ddost	NM_007838	5682	0	0	1
561	Dtnb	NM_007886	673	1	0	1
562	Dyrk1a	NM_007890	-20509	0	0	0
563	Edn3	NM_007903	-58540	0	0	1
564	Elk4	NM_007923	809	1	0	1
565	Eng	NM_007932	15772	0	0	1
566	Enpep	NM_007934	45351	0	0	1
567	Enpep	NM_007934	51988	0	1	0
568	Ercc1	NM_007948	-2898	0	0	0
569	Ercc1	NM_007948	-2861	0	0	0
570	Esr1	NM_007956	9422	0	0	1
571	Mecom	NM_007963	35760	0	0	1
572	F9	NM_007979	-432051	0	0	0
573	Fscn1	NM_007984	21960	0	0	0
574	Fgd1	NM_008001	544	1	1	0
575	Fgd1	NM_008001	551	1	1	0
576	Fgd1	NM_008001	552	1	1	0
577	Fgd1	NM_008001	576	1	1	0
578	Foxm1	NM_008021	2892	0	1	0
579	Foxl1	NM_008024	207101	0	0	0
580	Igfbp7	NM_008048	-175	1	0	0
581	Gabrg2	NM_008073	212473	0	0	0
582	Gad2	NM_008078	-33627	0	0	0
583	Gap43	NM_008083	185853	0	0	0
584	Gdi2	NM_008112	141	1	1	0
585	Gnat2	NM_008141	-46	1	0	0
586	Gnb1	NM_008142	885	1	0	1
587	Gpr3	NM_008154	15037	0	1	0
588	Grin2d	NM_008172	285	1	1	0
589	Thumpd3	NM_008188	-28586	0	0	0
590	H3f3a	NM_008210	14086	0	0	0
591	Hccs	NM_008222	17627	0	1	0
592	Hes1	NM_008235	25189	0	0	0
593	Foxd1	NM_008242	116	1	1	0
594	Hint1	NM_008248	523	1	0	1
595	Hn1	NM_008258	344	1	0	1
596	Hpn	NM_008281	-3241	0	0	1
597	Hsd17b3	NM_008291	94910	0	0	0
598	Htr1a	NM_008308	145	1	1	0
599	Irf8	NM_008320	168490	0	0	0
600	Lrig1	NM_008377	7548	0	0	1
601	Itga2	NM_008396	-56624	0	0	1
602	Itga6	NM_008397	25552	0	0	1
603	Itga6	NM_008397	37232	0	0	1
604	Cuzd1	NM_008411	22713	0	0	0
605	Klc2	NM_008451	-60550	0	0	1
606	Klra5	NM_008463	-17331	0	0	0
607	Kpna3	NM_008466	257	1	0	1
608	Lama1	NM_008480	91169	0	0	1
609	Lamb1	NM_008482	37426	0	0	1
610	Sh2b3	NM_008507	19157	0	1	0
611	Lrmp	NM_008511	23130	0	0	1
612	Lyl1	NM_008535	5345	0	0	0
613	Marcks	NM_008538	-248125	0	0	0
614	Smad6	NM_008542	51625	0	0	1
615	Met	NM_008591	-65416	0	0	0
616	Mitf	NM_008601	21986	0	1	0
617	Mitf	NM_008601	25817	0	0	1
618	Mmp2	NM_008610	230	1	1	0
619	Mras	NM_008624	431	1	0	1
620	Nfkb1	NM_008689	-28066	0	0	0
621	Nfkb1	NM_008689	-28109	0	0	0
622	Ngp	NM_008694	20882	0	0	1
623	Nkx2-3	NM_008699	25	1	1	0
624	Nkx2-3	NM_008699	4027	0	0	0
625	Nkx2-3	NM_008699	135	1	1	0
626	Nog	NM_008711	-37912	0	0	0
627	Nrtn	NM_008738	4154	0	0	1
628	Nrtn	NM_008738	4193	0	0	1
629	Ntrk2	NM_008745	-145	1	0	0
630	Tnfrsf11b	NM_008764	25670	0	0	1
631	Cldn11	NM_008770	16688	0	0	0
632	Pdcd2	NM_008799	-9395	0	0	0
633	Pdgfa	NM_008808	16269	0	0	1
634	Pdha2	NM_008811	699747	0	0	0
635	Enpp1	NM_008813	784	1	0	1
636	Pepd	NM_008820	27451	0	0	1
637	Pet2	NM_008821	92094	0	0	0
638	Phka1	NM_008832	-121	1	0	0
639	Prkcb	NM_008855	487	1	0	1
640	Pkia	NM_008862	-103	1	0	0
641	Phox2b	NM_008888	43635	0	1	0
642	Phox2b	NM_008888	2592	0	1	0
643	Phox2b	NM_008888	43610	0	1	0
644	Ppic	NM_008908	28381	0	1	0
645	Ppl	NM_008909	-4594	0	0	0
646	Ppm1a	NM_008910	-9145	0	0	0
647	Prom1	NM_008935	-26061	0	0	0
648	Ptpn22	NM_008979	25581	0	1	0
649	Rara	NM_009024	-1107	0	0	0
650	Rasa3	NM_009025	17203	0	0	1
651	Rps29	NM_009093	15786	0	0	0
652	Scd1	NM_009127	7586	0	0	1
653	Cx3cl1	NM_009142	-213	1	0	0
654	Exoc4	NM_009148	340	1	0	1
655	Selplg	NM_009151	-14223	0	0	1
656	Sema3b	NM_009153	1215	0	1	0
657	Sema3b	NM_009153	1042	0	0	1
658	Siah1a	NM_009172	-11754	0	0	0
659	Siah1b	NM_009173	209	1	0	1
660	Siah1b	NM_009173	174	1	0	1
661	Slc16a2	NM_009197	2627	0	0	1
662	Slc4a3	NM_009208	4296	0	1	0
663	Sst	NM_009215	-10954	0	0	0
664	Sstr3	NM_009218	475	1	1	0
665	Sqle	NM_009270	20064	0	1	0
666	Supt6	NM_009297	-17	1	0	0
667	Tacr2	NM_009314	34089	0	1	0
668	Tead1	NM_009346	20560	0	0	1
669	Tgfbr2	NM_009371	83076	0	0	1
670	Thy1	NM_009382	-22827	0	0	0
671	Tiam1	NM_009384	6003	0	0	1
672	Tiam1	NM_009384	5911	0	0	1
673	Tle3	NM_009389	10120	0	0	1
674	Tle3	NM_009389	10128	0	0	1
675	Top2b	NM_009409	-56660	0	0	1
676	Tpi1	NM_009415	279	1	1	0
677	Tpi1	NM_009415	274	1	1	0
678	Tpi1	NM_009415	265	1	1	0
679	Tpi1	NM_009415	-3716	0	1	0
680	Traf4	NM_009423	-4563	0	0	1
681	Ttf1	NM_009442	233	1	0	1
682	Ttk	NM_009445	-3153	0	0	0
683	Ttk	NM_009445	-3147	0	0	0
684	Tnfsf4	NM_009452	-70583	0	0	0
685	Ucp1	NM_009463	-31337	0	1	0
686	Ucp3	NM_009464	-9125	0	0	1
687	Ucp3	NM_009464	-9075	0	0	1
688	Umps	NM_009471	-186399	0	1	1
689	Umps	NM_009471	-186391	0	1	1
690	Umps	NM_009471	-117260	0	0	1
691	Umps	NM_009471	47145	0	1	0
692	Uros	NM_009479	7708	0	0	1
693	Vamp3	NM_009498	-233036	0	0	1
694	Wnt11	NM_009519	-3580	0	0	0
695	Wnt11	NM_009519	-3577	0	0	0
696	Wnt11	NM_009519	32098	0	0	0
697	Wnt4	NM_009523	29881	0	0	0
698	Wnt4	NM_009523	29876	0	0	0
699	Wnt7b	NM_009528	-33299	0	0	0
700	Xrcc1	NM_009532	690	1	1	0
701	Zfp64	NM_009564	23836	0	0	1
702	Zic3	NM_009575	7964	0	0	0
703	Adra2b	NM_009633	-6808	0	1	0
704	Agtrap	NM_009642	-19785	0	0	1
705	Ahnak	NM_009643	1011	0	0	1
706	Alox5ap	NM_009663	70770	0	0	0
707	Anp32a	NM_009672	80220	0	0	1
708	Anxa5	NM_009673	656	1	0	1
709	Ap3b1	NM_009680	3581	0	0	1
710	Ap3b1	NM_009680	78808	0	0	1
711	Apoe	NM_009696	-2370	0	1	0
712	Neurog2	NM_009718	700	1	1	0
713	Atp8a1	NM_009727	41217	0	0	1
714	Bfsp1	NM_009751	515	1	1	0
715	Bfsp1	NM_009751	468	1	1	0
716	Glb1	NM_009752	26324	0	0	1
717	Klf5	NM_009769	285765	0	0	0
718	C1qb	NM_009777	24148	0	0	0
719	Car2	NM_009801	1686	0	0	1
720	Casp14	NM_009809	-209	1	0	0
721	Casq2	NM_009814	48433	0	0	1
722	Ctnna1	NM_009818	525	1	0	1
723	Runx1	NM_009821	91237	0	1	0
724	Runx1	NM_009821	91256	0	1	0
725	Runx1	NM_009821	91221	0	1	0
726	Runx1	NM_009821	91211	0	1	0
727	Noct	NM_009834	-162514	0	0	0
728	Noct	NM_009834	23404	0	1	0
729	Cdh11	NM_009866	1678411	0	0	0
730	Cdkn1b	NM_009875	-3810	0	0	0
731	Celsr1	NM_009886	54899	0	1	0
732	Celsr1	NM_009886	4191	0	0	1
733	Col4a1	NM_009931	33387	0	0	1
734	Igf2bp1	NM_009951	162	1	1	0
735	Bcar1	NM_009954	-12590	0	0	0
736	Csf2ra	NM_009970	11672	0	0	0
737	Cyp2a4	NM_009997	28182	0	0	0
738	Cyp2a4	NM_009997	28231	0	0	0
739	Dct	NM_010024	53404	0	0	0
740	Dhfr	NM_010049	-78234	0	0	1
741	Dio2	NM_010050	12905	0	1	0
742	Dio2	NM_010050	12975	0	1	0
743	Dlx6	NM_010057	-7681	0	0	1
744	Dst	NM_010081	17616	0	1	1
745	Dst	NM_010081	-43691	0	0	1
746	Dtna	NM_010087	-104546	0	0	0
747	E2f3	NM_010093	44679	0	0	1
748	Eda	NM_010099	418	1	1	0
749	Eda	NM_010099	464	1	1	0
750	S1pr3	NM_010101	-15645	0	0	0
751	S1pr4	NM_010102	549	1	1	0
752	Efna5	NM_010109	15498	0	0	1
753	Efna5	NM_010109	1374	0	0	1
754	Efnb1	NM_010110	642	1	1	0
755	Epas1	NM_010137	-217297	0	0	1
756	Epas1	NM_010137	1663	0	0	1
757	Epas1	NM_010137	-217306	0	0	1
758	Epas1	NM_010137	-43464	0	0	0
759	Epha7	NM_010141	303751	0	0	0
760	Epha7	NM_010141	303698	0	0	0
761	Ephb2	NM_010142	38006	0	0	1
762	Ephb2	NM_010142	57532	0	0	1
763	Ext1	NM_010162	-178962	0	0	1
764	Eya2	NM_010165	98935	0	0	1
765	F2rl2	NM_010170	66351	0	1	0
766	Fcgr2b	NM_010187	12882	0	0	1
767	Ctgf	NM_010217	55897	0	1	0
768	Fjx1	NM_010218	-16978	0	0	0
769	Aktip	NM_010241	-41174	0	0	0
770	Gab2	NM_010248	-51094	0	0	1
771	Gbx2	NM_010262	-9014	0	0	0
772	Gbx2	NM_010262	45862	0	0	1
773	Gpd2	NM_010274	60	1	1	1
774	Ghrh	NM_010285	26422	0	0	1
775	Ghrh	NM_010285	26448	0	0	1
776	Tsc22d3	NM_010286	628	1	0	1
777	Gclc	NM_010295	62730	0	0	0
778	Gsr	NM_010344	13095	0	0	1
779	Hap1	NM_010404	168	1	1	0
780	Hey1	NM_010423	-50749	0	0	0
781	Nr4a1	NM_010444	3455	0	1	0
782	Hoxa5	NM_010453	-257	1	0	1
783	Hoxd1	NM_010467	-12924	0	0	0
784	Hrc	NM_010473	6626	0	0	1
785	Htr5b	NM_010483	26916	0	1	0
786	Htr5b	NM_010483	27142	0	1	0
787	Hyal2	NM_010489	1265	0	1	0
788	Il6ra	NM_010559	221	1	0	1
789	Insr	NM_010568	26575	0	0	1
790	Insr	NM_010568	26554	0	0	1
791	Itpr2	NM_010586	172478	0	1	0
792	Jun	NM_010591	-154779	0	0	0
793	Kif15	NM_010620	63	1	1	0
794	Klf12	NM_010636	-158728	0	0	0
795	Klf9	NM_010638	-82468	0	0	0
796	Kpna2	NM_010655	-13133	0	0	0
797	Krt18	NM_010664	1307	0	1	0
798	Krt18	NM_010664	1315	0	1	0
799	Krt18	NM_010664	1318	0	1	0
800	Krt18	NM_010664	1297	0	1	0
801	Lasp1	NM_010688	14167	0	0	1
802	Lef1	NM_010703	-91484	0	0	0
803	Lhx4	NM_010712	-1017	0	0	0
804	Lrrn2	NM_010732	48287	0	0	1
805	Smad2	NM_010754	-19102	0	0	0
806	Ccndbp1	NM_010761	234	1	0	1
807	Man1a2	NM_010763	-34221	0	0	0
808	Bhlha15	NM_010800	10410	0	0	1
809	Cited2	NM_010828	-194118	0	0	0
810	Sik1	NM_010831	-1244	0	0	0
811	Myd88	NM_010851	1901	0	1	0
812	Nfe2l3	NM_010903	-72201	0	0	0
813	Nefl	NM_010910	-63049	0	0	0
814	Nefl	NM_010910	-34438	0	0	0
815	Oit3	NM_010959	2834	0	0	1
816	Omp	NM_011010	-6261	0	0	1
817	Pax9	NM_011041	60863	0	0	1
818	Pax9	NM_011041	60692	0	0	1
819	Pax9	NM_011041	129027	0	0	1
820	Pax9	NM_011041	105	1	1	0
821	Pdcd4	NM_011050	-59993	0	0	1
822	Pde4d	NM_011056	194278	0	0	1
823	Phf2	NM_011078	102935	0	0	0
824	Prkce	NM_011104	552	1	1	0
825	Prkce	NM_011104	48545	0	0	1
826	Prkce	NM_011104	158	1	1	0
827	Plaur	NM_011113	4331	0	0	1
828	Plod1	NM_011122	14413	0	0	1
829	Pole2	NM_011133	7439	0	0	1
830	Pon1	NM_011134	54127	0	0	1
831	Prep	NM_011156	94898	0	0	0
832	Prep	NM_011156	94985	0	0	0
833	Prep	NM_011156	79933	0	0	1
834	Prep	NM_011156	94826	0	0	0
835	Prlr	NM_011169	-30547	0	0	0
836	Lgmn	NM_011175	71082	0	1	0
837	Lgmn	NM_011175	71047	0	1	0
838	Ptpn1	NM_011201	-192	1	0	0
839	Ptpn13	NM_011204	-37509	0	0	0
840	Ptpru	NM_011214	59148	0	1	0
841	Rad51	NM_011234	145	1	1	0
842	Rasgrf1	NM_011245	-973	1	0	0
843	Rasgrp1	NM_011246	-95270	0	0	0
844	Rasgrp1	NM_011246	-95385	0	0	0
845	Pitpnm2	NM_011256	-2545	0	0	0
846	Rev3l	NM_011264	369	1	1	0
847	Rnf2	NM_011277	749	1	0	1
848	Rnf4	NM_011278	16	1	1	0
849	Polr2j	NM_011293	-13168	0	0	1
850	Sub1	NM_011294	-14020	0	0	0
851	Sub1	NM_011294	675	1	0	1
852	Scn8a	NM_011323	50344	0	0	1
853	Scn8a	NM_011323	50295	0	0	1
854	Six2	NM_011380	917	1	0	1
855	Six4	NM_011382	9494	0	1	0
856	Six4	NM_011382	9489	0	1	0
857	Smarca2	NM_011416	35824	0	0	1
858	Smarca2	NM_011416	35791	0	0	1
859	Sox10	NM_011437	2647	0	0	1
860	Sox14	NM_011440	820	1	1	0
861	Sox9	NM_011448	412	1	1	0
862	Spink4	NM_011463	-11351	0	0	0
863	Stk11	NM_011492	9613	0	1	1
864	Stk11	NM_011492	9570	0	1	1
865	Stk11	NM_011492	9619	0	1	1
866	Suclg2	NM_011507	-82737	0	0	0
867	Tbx1	NM_011532	-4758	0	0	0
868	Tbx5	NM_011537	32019	0	0	1
869	Tesk1	NM_011571	664	1	1	0
870	Tex264	NM_011573	38	1	1	1
871	Tom1	NM_011622	575	1	0	1
872	Top2a	NM_011623	-5469	0	0	0
873	Tsn	NM_011650	237826	0	0	0
874	Tubb5	NM_011655	6	1	1	0
875	Utrn	NM_011682	38325	0	0	1
876	Dctn6	NM_011722	13498	0	0	1
877	Dctn6	NM_011722	13497	0	0	1
878	Xlr	NM_011725	-116615	0	0	0
879	Xlr	NM_011725	-178314	0	0	0
880	Xlr	NM_011725	-178351	0	0	0
881	Xlr	NM_011725	-178359	0	0	0
882	Zyx	NM_011777	1657	0	1	0
883	Cdc6	NM_011799	1173	0	0	1
884	Aadat	NM_011834	-360676	0	0	0
885	Lamc3	NM_011836	-6530	0	0	0
886	Lamc3	NM_011836	-6538	0	0	0
887	Osr1	NM_011859	101	1	1	0
888	Prkra	NM_011871	105957	0	0	1
889	Sept3	NM_011889	-6793	0	0	0
890	Spry4	NM_011898	30545	0	0	0
891	Aldh1a7	NM_011921	-16532	0	0	0
892	Gnpda1	NM_011937	-9926	0	0	0
893	Lypla2	NM_011942	2969	0	1	0
894	Lypla2	NM_011942	2990	0	1	0
895	Lypla2	NM_011942	2968	0	1	0
896	Map3k1	NM_011945	7388	0	0	1
897	Creb3l1	NM_011957	-10473	0	0	0
898	Rpl27a	NM_011975	-214	1	0	0
899	Dpysl4	NM_011993	-65013	0	0	1
900	Pclo	NM_011995	24709	0	1	0
901	Arhgef28	NM_012026	111630	0	0	1
902	Arhgef28	NM_012026	150774	0	0	1
903	St6galnac5	NM_012028	-140153	0	0	0
904	Etv3	NM_012051	-25289	0	1	0
905	Rps3	NM_012052	270	1	0	1
906	Anxa3	NM_013470	-16563	0	0	1
907	Cpe	NM_013494	25214	0	0	1
908	Frg1	NM_013522	-141294	0	0	0
909	P3h3	NM_013534	451	1	1	0
910	Hprt	NM_013556	479	1	0	1
911	Eif2ak1	NM_013557	-53718	0	0	0
912	Hsph1	NM_013559	-6673	0	0	0
913	Hspb1	NM_013560	15450	0	0	0
914	Lifr	NM_013584	10302	0	0	1
915	Lifr	NM_013584	10279	0	0	1
916	Kitl	NM_013598	-85745	0	0	0
917	Nr4a2	NM_013613	5837	0	1	0
918	Oprd1	NM_013622	-21297	0	0	0
919	Psmb10	NM_013640	1152	0	1	0
920	Sema5b	NM_013661	104723	0	0	1
921	Srsf3	NM_013663	-7462	0	0	0
922	Zfp30	NM_013705	8226	0	1	0
923	Nrk	NM_013724	-146	1	0	0
924	Chaf1a	NM_013733	11393	0	0	1
925	Csnk1e	NM_013767	15756	0	1	0
926	Naglu	NM_013792	-3291	0	0	0
927	Ror1	NM_013845	80107	0	0	1
928	Ror1	NM_013845	80045	0	0	1
929	Ror1	NM_013845	80080	0	0	1
930	Ror1	NM_013845	-47573	0	0	0
931	Ndrg2	NM_013864	2777	0	1	0
932	Bcar3	NM_013867	-62864	0	0	0
933	Sult4a1	NM_013873	18943	0	0	1
934	Sult4a1	NM_013873	18954	0	0	1
935	Cabp1	NM_013879	-106	1	0	0
936	Clic4	NM_013885	5589	0	0	1
937	Pcsk1n	NM_013892	121	1	1	0
938	Adat1	NM_013925	3236	0	0	1
939	Gbx1	NM_015739	736	1	1	0
940	Hunk	NM_015755	15503	0	0	1
941	Hunk	NM_015755	15532	0	0	1
942	Fbxl17	NM_015794	4547	0	0	1
943	Atp8a2	NM_015803	-34768	0	0	0
944	Rgs6	NM_015812	-106518	0	0	0
945	Pknox1	NM_016670	273	1	0	1
946	Aqp3	NM_016689	2498	0	0	1
947	Gpc3	NM_016697	142	1	1	1
948	C6	NM_016704	-42511	0	0	0
949	Batf	NM_016767	-17771	0	0	0
950	Smad3	NM_016769	-121696	0	0	0
951	Tpmt	NM_016785	61	1	1	0
952	Srrm1	NM_016799	433	1	0	1
953	Chst3	NM_016803	35568	0	1	0
954	Ppp1r3c	NM_016854	20286	0	0	0
955	Ppp1r3c	NM_016854	7542	0	0	0
956	Htatip2	NM_016865	-41305	0	0	0
957	Htatip2	NM_016865	-41273	0	0	0
958	Stk39	NM_016866	106505	0	0	1
959	Olig1	NM_016968	9781	0	0	0
960	Nfil3	NM_017373	-104742	0	0	0
961	Nfil3	NM_017373	-140440	0	0	1
962	Rab11a	NM_017382	64414	0	0	1
963	Kat6b	NM_017479	944	1	0	1
964	Rassf5	NM_018750	19900	0	0	1
965	Zfp326	NM_018759	101851	0	0	0
966	Ntsr1	NM_018766	-11433	0	0	0
967	Dfna5	NM_018769	-16499	0	0	0
968	Tbc1d8	NM_018775	20464	0	0	1
969	Egr3	NM_018781	-43094	0	0	1
970	Egr3	NM_018781	-45165	0	0	1
971	Extl3	NM_018788	31942	0	0	1
972	Extl3	NM_018788	31929	0	0	1
973	Hils1	NM_018792	3624	0	1	0
974	Plxnc1	NM_018797	-71465	0	0	0
975	Ubqln2	NM_018798	454	1	1	0
976	Abhd2	NM_018811	30410	0	0	1
977	Pebp1	NM_018858	56377	0	0	1
978	Adgrg1	NM_018882	-1841	0	0	1
979	Adgrg1	NM_018882	2220	0	0	1
980	Nmi	NM_019401	-12320	0	0	0
981	Robo1	NM_019413	335075	0	0	1
982	Robo1	NM_019413	335076	0	0	1
983	Robo1	NM_019413	568840	0	0	0
984	Robo1	NM_019413	-27117	0	0	0
985	Irgm2	NM_019440	9576	0	0	0
986	Ndufa1	NM_019443	-24	1	0	0
987	Olfr155	NM_019473	5713	0	0	0
988	Uso1	NM_019490	-26677	0	0	0
989	Ptbp2	NM_019550	-128085	0	0	0
990	Uchl5	NM_019562	102	1	1	0
991	Uchl5	NM_019562	86	1	1	0
992	Uchl5	NM_019562	97	1	1	0
993	Uchl5	NM_019562	77	1	1	0
994	Uchl5	NM_019562	84	1	1	0
995	Wwox	NM_019573	43537	0	0	1
996	Scamp4	NM_019575	3631	0	1	1
997	Scamp4	NM_019575	3622	0	1	1
998	Scamp4	NM_019575	3610	0	1	1
999	Scamp4	NM_019575	3617	0	1	1
1000	Plce1	NM_019588	97629	0	0	1
1001	Plce1	NM_019588	-9192	0	0	0
1002	Plce1	NM_019588	97605	0	0	1
1003	Ykt6	NM_019661	31762	0	0	1
1004	Pias1	NM_019663	47	1	0	1
1005	Cdh13	NM_019707	41847	0	0	1
1006	Cdh13	NM_019707	431567	0	0	1
1007	Htra2	NM_019752	318	1	1	0
1008	Plp2	NM_019755	71	1	1	0
1009	Spen	NM_019763	32553	0	0	1
1010	Amotl2	NM_019764	-7683	0	0	0
1011	Rab9	NM_019773	180	1	1	0
1012	Pex14	NM_019781	24526	0	0	1
1013	Pex14	NM_019781	24626	0	0	1
1014	Pex14	NM_019781	24528	0	0	1
1015	Pex14	NM_019781	24337	0	0	1
1016	Pex14	NM_019781	24319	0	0	1
1017	Tbk1	NM_019786	-10258	0	0	1
1018	Tbk1	NM_019786	150	1	0	1
1019	Trpc4ap	NM_019828	118	1	1	0
1020	Git2	NM_019834	3	1	1	0
1021	B4galt5	NM_019835	-23151	0	0	0
1022	Pde4b	NM_019840	89461	0	0	1
1023	Dmrtb1	NM_019872	113711	0	0	1
1024	Tlx3	NM_019916	274	1	1	0
1025	Pf4	NM_019932	179	1	1	0
1026	Pmfbp1	NM_019938	-35477	0	0	0
1027	Pmfbp1	NM_019938	-24837	0	0	0
1028	Pdgfc	NM_019971	396	1	1	0
1029	Pdgfc	NM_019971	-1078	0	0	0
1030	Litaf	NM_019980	33512	0	1	0
1031	Stard10	NM_019990	-51	1	0	0
1032	Stard10	NM_019990	12519	0	0	1
1033	Pnkd	NM_019999	8073	0	0	1
1034	B3galt2	NM_020025	-1137994	0	0	0
1035	Tmem9b	NM_020050	4	1	1	0
1036	Nrxn1	NM_020252	-1030823	0	0	0
1037	Hhip	NM_020259	82942	0	1	0
1038	Hhip	NM_020259	-208235	0	0	0
1039	Arhgap31	NM_020260	43504	0	0	1
1040	Insm2	NM_020287	841	1	1	0
1041	Xpo4	NM_020506	-31171	0	1	0
1042	Xpo4	NM_020506	-31316	0	1	0
1043	Xpo4	NM_020506	-31150	0	0	1
1044	Xpo4	NM_020506	-31285	0	1	0
1045	Xpo4	NM_020506	-31301	0	1	0
1046	Xpo4	NM_020506	-31185	0	1	0
1047	Slc16a8	NM_020516	-8872	0	0	1
1048	Fbxo3	NM_020593	726	1	0	1
1049	Sez6	NM_021286	361	1	0	1
1050	Sec61a2	NM_021305	-10839	0	0	1
1051	Sec61a2	NM_021305	-10791	0	0	1
1052	Wdr4	NM_021322	61283	0	0	1
1053	Wdr4	NM_021322	55693	0	0	1
1054	Snrpa1	NM_021336	-40523	0	0	1
1055	Tesc	NM_021344	9102	0	0	1
1056	Tesc	NM_021344	24359	0	0	1
1057	Htr6	NM_021358	-672	1	0	0
1058	Caln1	NM_021371	293537	0	0	1
1059	Rgs20	NM_021374	33048	0	0	1
1060	Cnot9	NM_021383	-443	1	0	1
1061	Ush2a	NM_021408	318523	0	0	1
1062	Nectin1	NM_021424	-172260	0	0	0
1063	Nectin1	NM_021424	31153	0	0	1
1064	Nectin1	NM_021424	44383	0	0	1
1065	Dexi	NM_021428	229	1	1	0
1066	Taf1c	NM_021441	11904	0	0	1
1067	Mlxipl	NM_021455	-10912	0	0	0
1068	Dysf	NM_021469	1188	0	0	1
1069	Dysf	NM_021469	1176	0	0	1
1070	Rnf32	NM_021470	-10611	0	0	0
1071	Arhgap23	NM_021493	50312	0	1	0
1072	Arhgap23	NM_021493	50328	0	1	0
1073	Arhgap23	NM_021493	50290	0	1	0
1074	Arhgap23	NM_021493	50323	0	1	0
1075	Arhgap23	NM_021493	50298	0	1	0
1076	Anapc5	NM_021505	19258	0	0	1
1077	Moxd1	NM_021509	53950	0	0	1
1078	Rab2a	NM_021518	-109311	0	0	0
1079	Huwe1	NM_021523	29	1	1	0
1080	Chst12	NM_021528	3466	0	0	1
1081	Dact1	NM_021532	8265	0	1	0
1082	C1galt1c1	NM_021550	-6380	0	0	0
1083	Bhlhe22	NM_021560	1373	0	1	0
1084	Midn	NM_021565	7994	0	0	1
1085	Oca2	NM_021879	123638	0	0	1
1086	Ube4b	NM_022022	25414	0	0	1
1087	Popdc2	NM_022318	11518	0	0	1
1088	Mllt1	NM_022328	27538	0	0	1
1089	Myh9	NM_022410	-1562	0	0	0
1090	Myh9	NM_022410	-1556	0	0	0
1091	Ptges	NM_022415	-17089	0	0	0
1092	Gprc5b	NM_022420	-28798	0	0	0
1093	Ireb2	NM_022655	358	1	0	1
1094	Scube1	NM_022723	497	1	0	1
1095	Rtn4r	NM_022982	-199	1	0	0
1096	Lpar3	NM_022983	25746	0	0	1
1097	Pmepa1	NM_022995	-8079	0	0	0
1098	Pmepa1	NM_022995	-2666	0	0	0
1099	Nuf2	NM_023284	-160	1	0	0
1100	Eif4e2	NM_023314	-96	1	0	0
1101	Rprm	NM_023396	-22	1	0	0
1102	Npc2	NM_023409	12432	0	0	1
1103	Hacd2	NM_023587	-30971	0	0	1
1104	Abcb6	NM_023732	2787	0	0	1
1105	Tfcp2l1	NM_023755	113462	0	0	0
1106	Tfcp2l1	NM_023755	152344	0	0	0
1107	Tfcp2l1	NM_023755	-38142	0	0	1
1108	Mphosph8	NM_023773	-39074	0	1	0
1109	Mphosph8	NM_023773	-36473	0	0	1
1110	Etv5	NM_023794	17756	0	0	1
1111	Mgea5	NM_023799	11	1	1	0
1112	Tbx18	NM_023814	1050	0	0	1
1113	Trp53rkb	NM_023815	-20078	0	0	0
1114	Slco3a1	NM_023908	264173	0	0	1
1115	Nop56	NM_024193	-26329	0	0	1
1116	Cstf1	NM_024199	2270	0	0	1
1117	Anapc4	NM_024213	-10104	0	0	0
1118	Stambp	NM_024239	-36817	0	0	0
1119	Hsdl2	NM_024255	-8821	0	0	0
1120	Ssbp2	NM_024272	610	1	0	1
1121	Rsph1	NM_025290	20470	0	0	1
1122	Rsph1	NM_025290	20573	0	0	1
1123	Haao	NM_025325	-20602	0	0	0
1124	Haao	NM_025325	-112221	0	0	0
1125	Chchd3	NM_025336	78660	0	0	1
1126	Rpl7l1	NM_025433	-17850	0	1	0
1127	Tmed6	NM_025458	-3537	0	0	0
1128	Tmed6	NM_025458	-3546	0	0	0
1129	Tmed6	NM_025458	-4384	0	1	0
1130	Tmed6	NM_025458	-4390	0	1	0
1131	1810009A15Rik	NM_025463	58	1	1	0
1132	Commd5	NM_025536	-9171	0	1	0
1133	Pyurf	NM_025574	163	1	1	0
1134	Sike1	NM_025679	6579	0	1	0
1135	Dtnbp1	NM_025772	178	1	1	0
1136	Bcl2l14	NM_025778	-78761	0	0	0
1137	Bcl2l14	NM_025778	-78741	0	0	0
1138	Bcl2l14	NM_025778	-78732	0	0	0
1139	Bcl2l14	NM_025778	-78727	0	0	0
1140	Thap2	NM_025780	-144	1	0	0
1141	Cyb5a	NM_025797	11222	0	0	1
1142	Lztr1	NM_025808	-6644	0	1	0
1143	Tril	NM_025817	39981	0	0	0
1144	Rras2	NM_025846	52301	0	0	1
1145	Dsn1	NM_025853	-22362	0	0	1
1146	Pole4	NM_025882	80	1	1	0
1147	Ift27	NM_025931	13922	0	0	1
1148	Rars	NM_025936	-53239	0	0	1
1149	Mettl21a	NM_025964	1192	0	0	1
1150	Mettl21a	NM_025964	16439	0	1	0
1151	Mettl21a	NM_025964	16452	0	1	0
1152	Kbtbd4	NM_025991	124	1	1	0
1153	2610301B20Rik	NM_026005	48858	0	0	0
1154	Med18	NM_026039	8454	0	0	0
1155	Cmtm5	NM_026066	-1079	0	1	0
1156	Eri1	NM_026067	-36660	0	0	0
1157	Xab2	NM_026156	12935	0	0	1
1158	Xab2	NM_026156	12934	0	0	1
1159	Xab2	NM_026156	12897	0	1	0
1160	Ahi1	NM_026203	38640	0	0	1
1161	1700019N19Rik	NM_026208	-22320	0	0	1
1162	Tmed9	NM_026211	2185	0	0	1
1163	Pigm	NM_026234	-7950	0	0	1
1164	Necap1	NM_026267	74	1	1	0
1165	Dusp6	NM_026268	-12095	0	0	0
1166	Dusp6	NM_026268	-12108	0	0	0
1167	Dusp6	NM_026268	-24564	0	0	0
1168	Dusp6	NM_026268	-6299	0	0	0
1169	Dusp6	NM_026268	22902	0	0	0
1170	Tm7sf3	NM_026281	21276	0	0	1
1171	Tm7sf3	NM_026281	524	1	0	1
1172	Pop5	NM_026398	-612	1	0	0
1173	Pop5	NM_026398	-619	1	0	0
1174	Yipf4	NM_026417	-43	1	0	0
1175	Mrrf	NM_026422	-14533	0	0	1
1176	Saraf	NM_026432	70810	0	0	0
1177	Saraf	NM_026432	162427	0	0	0
1178	Grhl2	NM_026496	-112178	0	0	0
1179	Cdc42ep3	NM_026514	20134	0	1	0
1180	Fam212a	NM_026597	-1487	0	0	0
1181	Bcas2	NM_026602	47519	0	0	0
1182	Gsto2	NM_026619	9376	0	0	1
1183	Zdhhc21	NM_026647	97429	0	0	0
1184	Apoo	NM_026673	-40693	0	0	0
1185	Ppp1r14a	NM_026731	3968	0	1	0
1186	Mrpl14	NM_026732	8636	0	0	1
1187	Tspan11	NM_026743	-21563	0	0	0
1188	Ccdc167	NM_026782	-58882	0	0	0
1189	Smyd2	NM_026796	-23459	0	0	0
1190	Hddc3	NM_026812	4694	0	0	0
1191	Rreb1	NM_026830	-47199	0	0	0
1192	Cmc2	NM_026844	41373	0	0	0
1193	Pygo2	NM_026869	-184	1	0	0
1194	Srrm4	NM_026886	18781	0	0	1
1195	Zc3h15	NM_026934	-46282	0	0	0
1196	Ddah1	NM_026993	39132	0	0	1
1197	Hmgb4	NM_027036	27043	0	0	0
1198	1700008P02Rik	NM_027048	-200809	0	0	0
1199	1700008O03Rik	NM_027049	22275	0	1	0
1200	1700024P04Rik	NM_027064	-48889	0	0	0
1201	Bap1	NM_027088	729	1	0	1
1202	Mapk1ip1	NM_027115	219949	0	0	0
1203	Ipmk	NM_027184	65044	0	0	0
1204	Ipmk	NM_027184	65034	0	0	0
1205	Ttl	NM_027192	-26933	0	0	0
1206	Casz1	NM_027195	144047	0	0	1
1207	2010107G23Rik	NM_027251	52977	0	0	0
1208	Rnf157	NM_027258	16802	0	1	0
1209	Ankrd60	NM_027303	-8596	0	0	1
1210	Zdhhc25	NM_027306	-62926	0	0	0
1211	Ube2q1	NM_027315	94	1	1	0
1212	Ube2q1	NM_027315	89	1	1	0
1213	Mllt3	NM_027326	-16464	0	0	0
1214	Gorasp2	NM_027352	-19	1	0	0
1215	Basp1	NM_027395	527970	0	0	0
1216	Steap1	NM_027399	-678711	0	0	0
1217	Steap1	NM_027399	-678699	0	0	0
1218	Gpatch2l	NM_027405	-30532	0	0	0
1219	Ica1l	NM_027407	-45	1	0	0
1220	Cpm	NM_027468	9813	0	0	1
1221	Pak4	NM_027470	9154	0	0	1
1222	Pak4	NM_027470	9130	0	0	1
1223	Ecd	NM_027475	19257	0	0	1
1224	Ecd	NM_027475	19231	0	1	0
1225	Pgrmc2	NM_027558	-802	1	0	0
1226	Iqgap2	NM_027711	-20494	0	0	0
1227	Iqgap2	NM_027711	-100	1	0	0
1228	Otud1	NM_027715	239381	0	0	0
1229	Dhrs2	NM_027790	-52309	0	0	0
1230	9030624J02Rik	NM_027815	33621	0	0	1
1231	Izumo4	NM_027829	-159	1	0	0
1232	Isx	NM_027837	-65541	0	0	0
1233	Osbpl3	NM_027881	4565	0	0	1
1234	Csl	NM_027945	-69988	0	0	0
1235	Zbtb43	NM_027947	4918	0	0	1
1236	1700019O17Rik	NM_027966	19129	0	0	0
1237	Cfap45	NM_027972	8786	0	1	0
1238	Lypd6b	NM_027990	-56687	0	0	1
1239	Lypd6b	NM_027990	52997	0	0	1
1240	Cldn23	NM_027998	-67	1	0	0
1241	Tmem94	NM_028014	17545	0	0	1
1242	Tmem94	NM_028014	-24229	0	0	0
1243	Napg	NM_028017	-6910	0	0	0
1244	Cdca4	NM_028023	-11578	0	0	0
1245	Dnmbp	NM_028029	49896	0	0	1
1246	Dnmbp	NM_028029	43416	0	0	1
1247	Dnmbp	NM_028029	49850	0	0	1
1248	Cnn3	NM_028044	-47535	0	0	0
1249	Cnn3	NM_028044	-47519	0	0	0
1250	Cnn3	NM_028044	-47318	0	0	0
1251	Cnn3	NM_028044	-47297	0	0	0
1252	Tmem38b	NM_028053	287100	0	0	0
1253	Alkbh4	NM_028070	6694	0	0	0
1254	Alkbh4	NM_028070	6658	0	0	0
1255	Tmem68	NM_028097	161052	0	0	0
1256	Amer2	NM_028113	1525	0	1	0
1257	Adpgk	NM_028121	-97318	0	0	0
1258	Egln3	NM_028133	391278	0	0	1
1259	Egln3	NM_028133	391318	0	0	1
1260	Klhl35	NM_028145	-41225	0	0	1
1261	Fbxl20	NM_028149	419	1	0	1
1262	1700021F07Rik	NM_028158	-36514	0	0	0
1263	Sh2d4a	NM_028182	-69171	0	0	0
1264	Kif1bp	NM_028197	34567	0	0	0
1265	Faim2	NM_028224	16283	0	0	1
1266	Faim2	NM_028224	16105	0	0	1
1267	Shmt2	NM_028230	-2652	0	0	0
1268	Zfp131	NM_028245	429	1	0	1
1269	Col16a1	NM_028266	20660	0	1	0
1270	1700112E06Rik	NM_028275	127425	0	0	1
1271	Shisa9	NM_028277	112969	0	0	1
1272	Ccdc12	NM_028312	10020	0	0	1
1273	Tmem135	NM_028343	150097	0	0	1
1274	Asphd2	NM_028386	7384	0	0	0
1275	Rflna	NM_028443	54822	0	0	1
1276	Fezf1	NM_028462	-12445	0	0	0
1277	Bmper	NM_028472	14675	0	0	1
1278	Rassf6	NM_028478	5418	0	0	1
1279	1700034J05Rik	NM_028509	14750	0	0	1
1280	Prss52	NM_028525	152685	0	0	1
1281	Ccsap	NM_028536	20732	0	0	0
1282	Mbd3l1	NM_028557	3120	0	0	1
1283	Vgll3	NM_028572	-190	1	0	0
1284	Dppa4	NM_028610	-118148	0	0	0
1285	Slc7a13	NM_028746	-51820	0	0	0
1286	Ccdc3	NM_028804	89960	0	0	1
1287	Rnd3	NM_028810	1723	0	0	1
1288	Gtf2e1	NM_028812	3716	0	1	0
1289	Snx19	NM_028874	10152	0	1	0
1290	Lrrtm1	NM_028880	-744801	0	0	0
1291	Lrguk	NM_028886	-165965	0	0	1
1292	Hyal6	NM_028920	-12014	0	0	0
1293	Taf7l	NM_028958	1592	0	0	1
1294	Themis3	NM_028998	-92480	0	0	1
1295	Elovl7	NM_029001	48987	0	0	1
1296	Kcnk16	NM_029006	30380	0	0	0
1297	Kcnk16	NM_029006	30371	0	0	0
1298	Spsb1	NM_029035	89304	0	0	0
1299	Spsb1	NM_029035	89303	0	0	0
1300	Spsb1	NM_029035	-25694	0	1	0
1301	Tmem114	NM_029070	13015	0	1	0
1302	Morn3	NM_029112	10037	0	0	0
1303	Kbtbd11	NM_029116	15172	0	0	1
1304	Syce1l	NM_029139	79039	0	0	1
1305	Scamp1	NM_029153	93293	0	1	0
1306	Scamp1	NM_029153	93301	0	1	0
1307	Rasd2	NM_029182	33569	0	0	0
1308	Sv2c	NM_029210	-1051	0	0	0
1309	Dynlrb2	NM_029297	-233232	0	0	0
1310	Stpg4	NM_029298	51993	0	0	1
1311	Arl5b	NM_029466	345532	0	0	0
1312	Bcor	NM_029510	253469	0	0	0
1313	Bcor	NM_029510	253429	0	0	0
1314	Bcor	NM_029510	91015	0	0	0
1315	Bcor	NM_029510	81237	0	0	0
1316	Rph3al	NM_029548	34185	0	0	1
1317	0610040J01Rik	NM_029554	17320	0	0	1
1318	Pbp2	NM_029595	20788	0	0	0
1319	Sun5	NM_029599	13390	0	0	1
1320	Prss23	NM_029614	38280	0	0	0
1321	Pcolce2	NM_029620	46946	0	0	1
1322	Ip6k2	NM_029634	-24907	0	0	0
1323	Plet1	NM_029639	-50637	0	0	0
1324	Plet1	NM_029639	-44020	0	0	0
1325	Ipo11	NM_029665	500	1	0	1
1326	Pkd1l2	NM_029686	4905	0	0	1
1327	Cog2	NM_029746	-25789	0	0	0
1328	Cog2	NM_029746	-25741	0	0	0
1329	Dok5	NM_029761	-35316	0	0	0
1330	Pomgnt1	NM_029786	-181	1	0	0
1331	Lrg1	NM_029796	1711	0	1	0
1332	2610028H24Rik	NM_029816	-1463	0	0	0
1333	Bcl7a	NM_029850	414	1	0	1
1334	8030423J24Rik	NM_029873	380873	0	0	0
1335	Stk31	NM_029916	92506	0	0	0
1336	Mtus2	NM_029920	202283	0	0	1
1337	Arhgef38	NM_029953	732	1	0	1
1338	Mmab	NM_029956	8089	0	0	1
1339	Adamtsl1	NM_029967	-381670	0	0	0
1340	Tchp	NM_029992	22573	0	1	0
1341	Tchp	NM_029992	22559	0	1	0
1342	Grifin	NM_030022	-2212	0	0	0
1343	Pgpep1l	NM_030101	40567	0	0	1
1344	Srbd1	NM_030133	186231	0	0	0
1345	Cstad	NM_030137	19253	0	0	0
1346	Ddit4l	NM_030143	113442	0	0	0
1347	Rictor	NM_030168	-17925	0	0	0
1348	Clip4	NM_030179	185688	0	1	0
1349	Clip4	NM_030179	185686	0	1	0
1350	Trim42	NM_030219	54527	0	0	0
1351	Trim42	NM_030219	54503	0	0	0
1352	Agbl4	NM_030231	501359	0	0	1
1353	Pofut2	NM_030262	7083	0	0	1
1354	N4bp1	NM_030563	-152920	0	0	0
1355	Nbea	NM_030595	-254866	0	0	0
1356	Abo	NM_030718	8435	0	0	1
1357	Gatsl2	NM_030719	-25985	0	0	0
1358	Uck2	NM_030724	35177	0	0	1
1359	Syt13	NM_030725	-64355	0	0	0
1360	Vmn1r171	NM_030737	-7176	0	0	0
1361	Sf3b1	NM_031179	322	1	0	1
1362	Klb	NM_031180	208	1	1	0
1363	Tfec	NM_031198	101396	0	0	0
1364	Tfec	NM_031198	101433	0	0	0
1365	Tsta3	NM_031201	1237	0	1	0
1366	Zfp275	NM_031494	-41	1	0	0
1367	Zfp275	NM_031494	-12	1	0	0
1368	Zfp275	NM_031494	-6	1	0	0
1369	Prkab1	NM_031869	15208	0	0	0
1370	Tas1r2	NM_031873	-12882	0	1	0
1371	Zfp423	NM_033327	125477	0	0	1
1372	Vangl2	NM_033509	12373	0	0	1
1373	Ferd3l	NM_033522	-209683	0	0	0
1374	Spred1	NM_033524	-35090	0	0	0
1375	Cnnm2	NM_033569	32740	0	0	1
1376	Peli2	NM_033602	34322	0	0	1
1377	Uchl4	NM_033607	-22557	0	1	0
1378	Igsf9	NM_033608	7201	0	1	0
1379	Pard3	NM_033620	-38494	0	0	0
1380	Olig3	NM_053008	87622	0	0	0
1381	Olig3	NM_053008	53108	0	0	0
1382	Olig3	NM_053008	886	1	1	0
1383	Agpat3	NM_053014	-15986	0	0	0
1384	Chrac1	NM_053068	5276	0	0	0
1385	Atg5	NM_053069	385	1	0	1
1386	Atg5	NM_053069	-2814	0	0	0
1387	Setbp1	NM_053099	251936	0	1	0
1388	Csmd1	NM_053171	-412930	0	0	0
1389	Magee1	NM_053201	869	1	1	0
1390	Foxp1	NM_053202	1325	0	0	1
1391	Foxp1	NM_053202	9629	0	0	1
1392	Ifit1bl2	NM_053217	6986	0	0	1
1393	Foxp2	NM_053242	-1422	0	0	0
1394	Ehbp1l1	NM_053252	1084	0	0	1
1395	Rapgef1	NM_054050	-48969	0	0	0
1396	Pip4k2b	NM_054051	-9192	0	0	1
1397	Pawr	NM_054056	89136	0	0	0
1398	Pawr	NM_054056	89093	0	0	0
1399	Pawr	NM_054056	89068	0	0	0
1400	Pawr	NM_054056	111814	0	0	0
1401	Ceacam3	NM_054059	7992	0	1	0
1402	Ivns1abp	NM_054102	-93779	0	0	0
1403	Lmo1	NM_057173	26714	0	1	0
1404	Elmo1	NM_080288	94886	0	1	0
1405	Igsf8	NM_080419	5857	0	1	0
1406	Fezf2	NM_080433	3966	0	1	0
1407	Tshz2	NM_080455	-128477	0	0	0
1408	Tshz2	NM_080455	108775	0	0	1
1409	Muc4	NM_080457	-16163	0	0	0
1410	Eri3	NM_080469	25912	0	0	1
1411	Ssfa2	NM_080558	-45993	0	0	0
1412	Emid1	NM_080595	-15909	0	0	0
1413	Caskin2	NM_080643	2790	0	0	1
1414	Caskin2	NM_080643	2817	0	0	1
1415	Snx18	NM_130796	-17575	0	0	0
1416	Snx18	NM_130796	5492	0	0	1
1417	Cdk9	NM_130860	6737	0	1	0
1418	Trhr2	NM_133202	24633	0	1	0
1419	Trhr2	NM_133202	24076	0	1	0
1420	Trhr2	NM_133202	24054	0	1	0
1421	Trhr2	NM_133202	24052	0	1	0
1422	Trhr2	NM_133202	24045	0	1	0
1423	Trhr2	NM_133202	24036	0	1	0
1424	Trhr2	NM_133202	24027	0	1	0
1425	Gcnt2	NM_133219	912	1	1	1
1426	Rfxap	NM_133231	15519	0	0	1
1427	Pdk2	NM_133667	-15334	0	1	0
1428	Cxxc5	NM_133687	4558	0	0	1
1429	Nol11	NM_133702	104	1	1	0
1430	Ctdspl	NM_133710	-62163	0	0	1
1431	Ctdspl	NM_133710	10596	0	0	1
1432	Tmem123	NM_133739	-22549	0	0	0
1433	Errfi1	NM_133753	23644	0	0	0
1434	Asl	NM_133768	7838	0	0	1
1435	Wwc2	NM_133791	60091	0	0	1
1436	Wwc2	NM_133791	60083	0	0	1
1437	Tmem132a	NM_133804	2865	0	0	1
1438	D1Ertd622e	NM_133825	649	1	0	1
1439	D1Ertd622e	NM_133825	-137	1	0	0
1440	Gltscr2	NM_133831	209	1	1	0
1441	Rdh10	NM_133832	18	1	1	0
1442	Ubac1	NM_133835	575	1	0	1
1443	C8b	NM_133882	-124997	0	0	1
1444	C8b	NM_133882	-125041	0	0	1
1445	Slc15a4	NM_133895	19	1	1	0
1446	Pxn	NM_133915	8789	0	0	1
1447	Mlxip	NM_133917	-24332	0	0	1
1448	Rpn1	NM_133933	-28371	0	0	0
1449	Rpn1	NM_133933	-28181	0	0	0
1450	Plekha1	NM_133942	162	1	0	1
1451	Rab15	NM_134050	4125	0	0	1
1452	Ddx41	NM_134059	-6338	0	1	0
1453	Slc38a1	NM_134086	48840	0	0	1
1454	Kctd1	NM_134112	-24532	0	0	0
1455	Kctd1	NM_134112	-24536	0	0	0
1456	Kctd1	NM_134112	-24518	0	0	0
1457	Kctd1	NM_134112	-24568	0	0	0
1458	Actn1	NM_134156	52400	0	0	1
1459	Vmn1r75	NM_134207	18943	0	0	0
1460	Otud5	NM_138604	-26	1	0	0
1461	Dgkg	NM_138650	84625	0	1	0
1462	Dgkg	NM_138650	85698	0	0	1
1463	Dgkg	NM_138650	84615	0	1	0
1464	Dgkg	NM_138650	84602	0	1	0
1465	Lrrc4	NM_138682	-328	1	0	1
1466	Lrrc4	NM_138682	-23652	0	0	1
1467	Nap1l3	NM_138742	1033172	0	0	0
1468	Pou4f2	NM_138944	90153	0	0	1
1469	Cabp7	NM_138948	15916	0	0	1
1470	Galnt2	NM_139272	-34054	0	0	0
1471	Mylk	NM_139300	69274	0	0	1
1472	Vasn	NM_139307	15116	0	1	0
1473	Trib2	NM_144551	18600	0	0	1
1474	Hectd1	NM_144788	-36088	0	0	0
1475	Lmcd1	NM_144799	-18134	0	0	0
1476	Heatr1	NM_144835	13222	0	0	1
1477	Heatr1	NM_144835	13194	0	0	1
1478	Ube2e2	NM_144839	-233819	0	0	0
1479	Fam49b	NM_144846	-118622	0	0	1
1480	Fam49b	NM_144846	-118402	0	0	1
1481	Nrbp2	NM_144847	2836	0	0	1
1482	Tmem45b	NM_144936	-209654	0	0	0
1483	Tmem45b	NM_144936	-209737	0	0	0
1484	Nkx6-1	NM_144955	232791	0	0	0
1485	Nkx6-1	NM_144955	341366	0	0	0
1486	Mchr1	NM_145132	2650	0	1	0
1487	Eif3l	NM_145139	12806	0	0	1
1488	Pomt1	NM_145145	-10349	0	1	0
1489	Frmd4b	NM_145148	104212	0	0	1
1490	Wasf3	NM_145155	731	1	0	1
1491	Wbscr17	NM_145218	77513	0	0	1
1492	Pla2g4b	NM_145378	5586	0	1	0
1493	Slc44a3	NM_145394	-13184	0	0	0
1494	Heatr6	NM_145432	30045	0	1	0
1495	Stk24	NM_145465	-43039	0	0	0
1496	Cerk	NM_145475	8811	0	0	1
1497	Zfp521	NM_145492	162378	0	0	1
1498	Zfp521	NM_145492	317525	0	0	0
1499	Zfp521	NM_145492	162352	0	0	1
1500	BC003331	NM_145511	-14375	0	0	1
1501	Wdr26	NM_145514	-20801	0	0	0
1502	Eva1a	NM_145570	50459	0	1	0
1503	Sbk1	NM_145587	729	1	0	1
1504	Sbk1	NM_145587	765	1	0	1
1505	Sbk1	NM_145587	19767	0	1	0
1506	Sbk1	NM_145587	19774	0	1	0
1507	Sbk1	NM_145587	19817	0	1	0
1508	Chmp1a	NM_145606	-17	1	0	0
1509	Kank2	NM_145611	5592	0	0	1
1510	Ice2	NM_145618	-77310	0	0	1
1511	Mtnr1b	NM_145712	-103388	0	0	1
1512	Lin28a	NM_145833	1150	0	0	1
1513	Nod2	NM_145857	15398	0	0	1
1514	8430408G22Rik	NM_145980	1061	0	1	1
1515	Hip1	NM_146001	-586	1	0	0
1516	Rhbdd2	NM_146002	-10646	0	0	0
1517	Scrn2	NM_146027	862	1	0	1
1518	Lrrc3b	NM_146052	-121192	0	0	0
1519	Lrrc3b	NM_146052	-152200	0	0	0
1520	Nrros	NM_146069	21394	0	1	0
1521	Ubr2	NM_146078	-54578	0	0	0
1522	Pde6a	NM_146086	28315	0	0	1
1523	Zadh2	NM_146090	241481	0	0	1
1524	Zadh2	NM_146090	157976	0	0	1
1525	Habp2	NM_146101	2632	0	0	1
1526	Cnst	NM_146105	106	1	0	1
1527	Lyplal1	NM_146106	-123596	0	0	0
1528	Tram1l1	NM_146140	521	1	1	0
1529	Ipo13	NM_146152	-117	1	0	0
1530	Vopp1	NM_146168	300	1	0	1
1531	Ccdc106	NM_146178	222	1	1	0
1532	Slc5a11	NM_146198	-14927	0	0	0
1533	Armc5	NM_146205	-278	1	1	0
1534	Cmtr2	NM_146215	13916	0	0	0
1535	Cmtr2	NM_146215	14319	0	0	0
1536	Cdk17	NM_146239	-13991	0	0	0
1537	Lrrc10	NM_146242	-10094	0	0	0
1538	Rp1l1	NM_146246	29545	0	1	0
1539	Olfr284	NM_146281	-4994	0	0	0
1540	Olfr726	NM_146316	22398	0	0	0
1541	Olfr720	NM_146392	-72885	0	0	0
1542	Olfr720	NM_146392	-67651	0	0	0
1543	Olfr1370	NM_146535	18434	0	0	0
1544	Pom121	NM_148932	-61283	0	0	1
1545	Foxn4	NM_148935	10898	0	0	1
1546	Gipc3	NM_148951	2067	0	1	0
1547	Nr2e1	NM_152229	517	1	1	0
1548	Plk2	NM_152804	169399	0	0	0
1549	Plk2	NM_152804	136477	0	0	0
1550	Slc44a2	NM_152808	681	1	0	1
1551	Slc44a2	NM_152808	730	1	0	1
1552	Kcnq3	NM_152923	40271	0	0	1
1553	Hrh4	NM_153087	356270	0	0	0
1554	Cd109	NM_153098	15	1	1	0
1555	Prss42	NM_153099	-15476	0	0	0
1556	Padi6	NM_153106	20389	0	1	0
1557	9530068E07Rik	NM_153117	107520	0	0	0
1558	Fnbp1l	NM_153118	-1458	0	0	0
1559	Unc5a	NM_153131	-53940	0	0	0
1560	Unc5d	NM_153135	-15	1	0	0
1561	Slc25a1	NM_153150	466	1	0	1
1562	Atp10d	NM_153389	8329	0	0	1
1563	Mical3	NM_153396	36316	0	0	1
1564	Syne1	NM_153399	4614	0	0	1
1565	Ago1	NM_153403	12680	0	0	1
1566	Ago1	NM_153403	-22408	0	1	0
1567	Ankrd23	NM_153502	-5179	0	0	1
1568	Kcng3	NM_153512	695	1	1	0
1569	Opalin	NM_153520	-51392	0	1	0
1570	Opalin	NM_153520	-51364	0	1	0
1571	Mboat1	NM_153546	45414	0	0	1
1572	Dirc2	NM_153550	50113	0	0	1
1573	Katnal1	NM_153572	7261	0	1	0
1574	Cxcl17	NM_153576	-28191	0	0	1
1575	Atg4d	NM_153583	44	1	1	0
1576	Ano2	NM_153589	147679	0	0	1
1577	Nars2	NM_153591	-43437	0	1	0
1578	Nars2	NM_153591	-43424	0	1	0
1579	Cdk8	NM_153599	29430	0	0	1
1580	Snx17	NM_153680	496	1	0	1
1581	Ipo9	NM_153774	-5966	0	1	0
1582	Ipo9	NM_153774	-23762	0	0	1
1583	Ipo9	NM_153774	-5973	0	1	0
1584	Aifm2	NM_153779	17782	0	1	1
1585	Creg2	NM_170597	28795	0	1	0
1586	Cpne7	NM_170684	13983	0	0	1
1587	Pgbd5	NM_171824	56803	0	0	1
1588	Entpd6	NM_172117	4165	0	1	0
1589	Sidt2	NM_172257	186	1	1	0
1590	Vps18	NM_172269	8612	0	1	0
1591	Plcg2	NM_172285	-61501	0	1	0
1592	Plcg2	NM_172285	-9520	0	0	0
1593	Tshz3	NM_172298	-217109	0	0	0
1594	Tshz3	NM_172298	-216985	0	0	0
1595	Tshz3	NM_172298	309014	0	0	0
1596	Kdm4a	NM_172382	6953	0	0	1
1597	Zfp536	NM_172385	-2454	0	0	0
1598	Fam175a	NM_172405	-3630	0	0	0
1599	Perm1	NM_172417	1384	0	1	0
1600	Mfsd9	NM_172499	243	1	0	1
1601	Nhlrc3	NM_172501	10689	0	1	0
1602	Megf11	NM_172522	-92	1	0	0
1603	Lrrc1	NM_172528	32405	0	0	1
1604	Cabin1	NM_172549	26829	0	0	1
1605	Alx1	NM_172553	150729	0	0	0
1606	Hlf	NM_172563	9391	0	0	1
1607	March10	NM_172568	6880	0	0	1
1608	Fbf1	NM_172571	6812	0	0	1
1609	Arl15	NM_172595	2883	0	0	1
1610	Scara3	NM_172604	45733	0	0	0
1611	Naprt	NM_172607	10355	0	0	0
1612	Mpped1	NM_172610	-432	1	0	0
1613	Sh3tc2	NM_172628	-1124	0	0	0
1614	Sh3tc2	NM_172628	96871	0	0	0
1615	Sh3tc2	NM_172628	-1117	0	0	0
1616	Mapk4	NM_172632	900	1	0	1
1617	Dars2	NM_172644	-51	1	0	0
1618	Prrc2b	NM_172661	22504	0	0	1
1619	Prrc2b	NM_172661	440	1	0	1
1620	Tlk1	NM_172664	-13456	0	0	0
1621	Uba6	NM_172712	232	1	0	1
1622	Gcn1l1	NM_172719	4246	0	0	1
1623	Adap1	NM_172723	405	1	0	1
1624	Mtmr10	NM_172742	-72	1	0	0
1625	Gramd1b	NM_172768	-83898	0	0	0
1626	Plxnb1	NM_172775	-5018	0	0	1
1627	Plxnb1	NM_172775	-4968	0	0	1
1628	Lrp11	NM_172784	220	1	1	0
1629	Sh3rf3	NM_172788	-3675	0	0	0
1630	Sdk2	NM_172800	117027	0	0	1
1631	Fmo9	NM_172844	-152569	0	0	0
1632	Nyap2	NM_172849	292784	0	0	0
1633	Zfp697	NM_172863	29032	0	0	1
1634	Zfp697	NM_172863	29060	0	0	1
1635	2900026A02Rik	NM_172884	-11635	0	0	0
1636	2900026A02Rik	NM_172884	-11646	0	0	0
1637	2900026A02Rik	NM_172884	-11660	0	0	0
1638	2900026A02Rik	NM_172884	25895	0	0	1
1639	Man2a2	NM_172903	30	1	1	0
1640	Col6a6	NM_172927	35003	0	1	0
1641	Nlgn3	NM_172932	193	1	0	1
1642	Gphn	NM_172952	-370844	0	0	0
1643	Tbcel	NM_173038	35159	0	0	1
1644	Tbcel	NM_173038	35072	0	1	0
1645	Tbcel	NM_173038	15582	0	0	1
1646	Xkr6	NM_173393	-233	1	0	0
1647	Gpr26	NM_173410	-129932	0	0	0
1648	Gpr26	NM_173410	-129925	0	0	0
1649	Gpr26	NM_173410	45142	0	0	0
1650	Fam110b	NM_173426	119068	0	0	1
1651	Fam110b	NM_173426	119078	0	0	1
1652	Klhdc7a	NM_173427	-69407	0	1	0
1653	Nrip1	NM_173440	46427	0	0	1
1654	Nrip1	NM_173440	-165451	0	0	0
1655	Nrip1	NM_173440	46445	0	0	1
1656	Rccd1	NM_173445	-1765	0	0	1
1657	Galnt18	NM_173739	85257	0	0	1
1658	Tdrp	NM_173744	42	1	1	0
1659	Mrps27	NM_173757	14524	0	0	1
1660	Ppip5k2	NM_173760	2340	0	0	1
1661	Slc45a1	NM_173774	-24088	0	0	0
1662	Olfm2	NM_173777	1280	0	0	1
1663	Klf8	NM_173780	122006	0	0	1
1664	Rab6b	NM_173781	494	1	0	1
1665	Crybg3	NM_174848	37976	0	0	1
1666	Ifnlr1	NM_174851	18047	0	0	1
1667	Phf12	NM_174852	-8615	0	1	0
1668	Disc1	NM_174853	106612	0	0	1
1669	Disc1	NM_174853	206494	0	0	1
1670	Cdh22	NM_174988	5392	0	0	1
1671	Adgrb1	NM_174991	23060	0	1	0
1672	Adgrb1	NM_174991	-65285	0	0	0
1673	Mgst2	NM_174995	-1636	0	0	0
1674	Adnp2	NM_175028	38772	0	0	1
1675	Bcor	NM_175046	-7386	0	0	1
1676	Bcor	NM_175046	-11305	0	0	1
1677	Hmgn3	NM_175074	-51866	0	0	0
1678	Hmgn3	NM_175074	-51882	0	0	0
1679	Mdfic	NM_175088	344329	0	0	0
1680	Mdfic	NM_175088	344253	0	0	0
1681	Mdfic	NM_175088	344312	0	0	0
1682	Tnks	NM_175091	22579	0	0	1
1683	Stbd1	NM_175096	-188	1	0	0
1684	Stbd1	NM_175096	-3846	0	0	0
1685	Tmem177	NM_175106	-32846	0	0	1
1686	Chst8	NM_175140	191	1	1	0
1687	Stox2	NM_175162	-33238	0	0	0
1688	Arhgap26	NM_175164	80	1	1	0
1689	Mast4	NM_175171	198967	0	0	1
1690	Mast4	NM_175171	194277	0	1	0
1691	Prr5l	NM_175181	32287	0	0	1
1692	Lysmd4	NM_175215	-76898	0	0	1
1693	Rassf10	NM_175279	354	1	1	0
1694	Mbnl2	NM_175341	60545	0	0	1
1695	Ano6	NM_175344	39280	0	0	1
1696	Ldhal6b	NM_175349	182081	0	0	1
1697	Exoc6	NM_175353	26768	0	0	1
1698	Zdhhc15	NM_175358	272	1	1	0
1699	Zdhhc15	NM_175358	256	1	1	0
1700	Zdhhc15	NM_175358	245	1	1	0
1701	2700081O15Rik	NM_175381	4503	0	1	0
1702	Tspan9	NM_175414	108424	0	0	1
1703	Tspan9	NM_175414	78980	0	0	1
1704	Wdr18	NM_175450	-9374	0	1	1
1705	Wdr18	NM_175450	-534	1	0	1
1706	Kcnt1	NM_175462	28939	0	1	0
1707	Kcnt1	NM_175462	28983	0	0	1
1708	Kcnt1	NM_175462	28956	0	1	0
1709	Arhgap25	NM_175476	225	1	1	0
1710	Arhgap25	NM_175476	211	1	1	0
1711	Snx33	NM_175483	8935	0	0	1
1712	Coro2b	NM_175484	-15967	0	0	0
1713	Pnma2	NM_175498	-202	1	0	0
1714	Tmem74	NM_175502	158146	0	0	0
1715	Ppm1k	NM_175523	45393	0	0	0
1716	Fbxo46	NM_175530	-1593	0	0	0
1717	Wdfy2	NM_175546	67667	0	0	1
1718	Xylt1	NM_175645	231158	0	0	1
1719	Hist1h2ba	NM_175663	2813	0	0	0
1720	Slc35f6	NM_175675	135	1	1	0
1721	Zfp608	NM_175751	44223	0	0	1
1722	C030006K11Rik	NM_176828	-1146	0	1	0
1723	Bptf	NM_176850	-4562	0	0	0
1724	Pld5	NM_176916	-91	1	0	0
1725	Lrtm1	NM_176920	-138257	0	0	0
1726	Dusp4	NM_176933	-79760	0	0	0
1727	Galm	NM_176963	2305	0	0	1
1728	Galm	NM_176963	2336	0	0	1
1729	Galm	NM_176963	2340	0	0	1
1730	Efcab5	NM_176965	11522	0	0	1
1731	Trappc8	NM_177038	324	1	0	1
1732	Auts2	NM_177047	52234	0	0	1
1733	Fstl4	NM_177059	-162348	0	0	0
1734	Grk3	NM_177078	23726	0	0	1
1735	Sp8	NM_177082	-9789	0	0	0
1736	Gnal	NM_177137	-489	1	0	0
1737	Cenpt	NM_177150	-140	1	0	0
1738	Rinl	NM_177158	-2230	0	0	1
1739	Bhlha9	NM_177182	479	1	1	0
1740	Fam19a4	NM_177233	46047	0	0	1
1741	Fam19a4	NM_177233	247818	0	0	0
1742	Atp2b3	NM_177236	225	1	1	0
1743	Atp2b3	NM_177236	227	1	1	0
1744	Wscd2	NM_177292	-44174	0	0	0
1745	Gk5	NM_177352	34748	0	0	1
1746	Dmrt3	NM_177360	-5155	0	0	0
1747	Rhbdd3	NM_177370	3338	0	0	1
1748	Tnfsf15	NM_177371	3080	0	0	1
1749	Myo3b	NM_177376	66708	0	0	1
1750	Tmem220	NM_177392	-32590	0	0	0
1751	Nalcn	NM_177393	82026	0	0	1
1752	Tram2	NM_177409	-42	1	0	0
1753	Parp16	NM_177460	7151	0	0	1
1754	Usp46	NM_177561	64559	0	0	1
1755	Arhgef15	NM_177566	4981	0	0	1
1756	Slfnl1	NM_177570	-15333	0	1	0
1757	Slfnl1	NM_177570	-15383	0	0	1
1758	Mkx	NM_177595	14460	0	0	1
1759	Wscd1	NM_177618	90345	0	0	0
1760	Fam43a	NM_177632	112831	0	0	1
1761	Fam43a	NM_177632	112802	0	0	1
1762	Fam43a	NM_177632	112827	0	0	1
1763	H2-M10.4	NM_177634	-25957	0	0	0
1764	F830045P16Rik	NM_177653	-10345	0	0	0
1765	Isg20l2	NM_177663	8385	0	1	0
1766	Ttc22	NM_177667	3159	0	0	1
1767	Zfp637	NM_177684	-20816	0	0	0
1768	Gm4894	NM_177701	-8116	0	0	0
1769	Lsm14b	NM_177727	-164	1	0	0
1770	Zfp507	NM_177739	-250529	0	0	0
1771	Zfp507	NM_177739	-354541	0	0	0
1772	Zfp507	NM_177739	-358489	0	0	0
1773	Zfp507	NM_177739	-393325	0	0	0
1774	Ccdc60	NM_177759	95647	0	0	1
1775	Ccdc60	NM_177759	95639	0	0	1
1776	Ccdc60	NM_177759	95667	0	0	1
1777	Trpa1	NM_177781	-176861	0	0	0
1778	Zfp236	NM_177832	-269	1	0	0
1779	Fam163a	NM_177838	160	1	1	0
1780	Fam163a	NM_177838	183	1	1	0
1781	Med12l	NM_177855	16342	0	0	1
1782	Med12l	NM_177855	16321	0	0	1
1783	E130311K13Rik	NM_177856	30690	0	0	0
1784	Saxo2	NM_177894	46248	0	1	0
1785	Piwil4	NM_177905	37502	0	0	1
1786	Piwil4	NM_177905	37486	0	0	1
1787	Piwil4	NM_177905	37467	0	0	1
1788	Piwil4	NM_177905	37466	0	0	1
1789	Piwil4	NM_177905	37441	0	0	1
1790	Piwil4	NM_177905	1486	0	0	1
1791	Dgkk	NM_177914	-93714	0	0	0
1792	Lrrtm2	NM_178005	-78210	0	0	1
1793	Fads6	NM_178035	754	1	0	1
1794	Arel1	NM_178065	689	1	0	1
1795	Fa2h	NM_178086	-30660	0	0	0
1796	Fa2h	NM_178086	-30694	0	0	0
1797	Trim62	NM_178110	23290	0	0	1
1798	Lcorl	NM_178142	208	1	0	1
1799	Cox10	NM_178379	68494	0	0	1
1800	Zfp74	NM_178384	17397	0	1	0
1801	Arrdc1	NM_178408	7324	0	0	1
1802	Rnf24	NM_178607	15	1	1	1
1803	Suds3	NM_178622	115180	0	0	0
1804	Tmem108	NM_178638	86791	0	0	1
1805	Oog1	NM_178657	-18663	0	0	0
1806	Lpp	NM_178665	-200364	0	0	0
1807	Zfp365	NM_178679	107847	0	0	0
1808	Depdc1b	NM_178683	91093	0	0	0
1809	C130074G19Rik	NM_178692	16614	0	0	0
1810	C130074G19Rik	NM_178692	16633	0	0	0
1811	Slc6a1	NM_178703	48804	0	0	0
1812	Ppm1l	NM_178726	6265	0	0	1
1813	Prr18	NM_178774	433	1	1	0
1814	Vstm4	NM_178791	67138	0	0	1
1815	Gorab	NM_178883	-154993	0	0	0
1816	Gorab	NM_178883	-154977	0	0	0
1817	Ldlrad3	NM_178886	114481	0	0	1
1818	Garnl3	NM_178888	-43033	0	0	0
1819	Hepacam2	NM_178899	30935	0	0	1
1820	Trappc9	NM_180662	-35	1	0	0
1821	Lingo1	NM_181074	54768	0	0	1
1822	Pxdn	NM_181395	64702	0	1	0
1823	Rftn1	NM_181397	192611	0	0	1
1824	Pof1b	NM_181579	-70990	0	0	0
1825	Ppp1r9a	NM_181595	237	1	0	1
1826	Cmtm1	NM_181990	183	1	1	0
1827	Ggn	NM_182696	1819	0	1	1
1828	Fam19a2	NM_182807	1025	0	1	0
1829	Arl5a	NM_182994	-8794	0	1	0
1830	A430033K04Rik	NM_183025	24514	0	1	0
1831	Pcmtd1	NM_183028	64724	0	0	1
1832	Pcmtd1	NM_183028	85	1	1	0
1833	Zfp516	NM_183033	-38718	0	0	0
1834	Zfp516	NM_183033	-38713	0	0	0
1835	Zfp516	NM_183033	-38730	0	0	0
1836	Plekhm1	NM_183034	-92708	0	0	0
1837	Kif20b	NM_183046	-16622	0	0	0
1838	4931429L15Rik	NM_183104	-123451	0	0	0
1839	Elfn2	NM_183141	46118	0	1	0
1840	Sowaha	NM_183173	-3457	0	0	0
1841	Fat4	NM_183221	1023	0	1	0
1842	Nr2f2	NM_183261	-521140	0	0	0
1843	Coa4	NM_183270	2055	0	1	0
1844	Dhrs13	NM_183286	354	1	1	0
1845	Sytl3	NM_183370	6356	0	0	1
1846	Calu	NM_184053	280	1	0	1
1847	Esrp1	NM_194055	2777	0	0	1
1848	Esrp1	NM_194055	24588	0	0	1
1849	Esrp1	NM_194055	2716	0	0	1
1850	Esrp1	NM_194055	2763	0	0	1
1851	Ffar1	NM_194057	632	1	1	0
1852	Bms1	NM_194339	85355	0	0	0
1853	Sgsm2	NM_197943	29383	0	1	0
1854	Fermt1	NM_198029	16509	0	0	1
1855	Fermt1	NM_198029	-172491	0	0	0
1856	Cachd1	NM_198037	-16353	0	0	0
1857	Exoc8	NM_198103	1311	0	1	0
1858	Rnf133	NM_198251	100826	0	0	1
1859	Tex2	NM_198292	-13407	0	0	0
1860	Tanc1	NM_198294	290	1	0	1
1861	Inf2	NM_198411	9239	0	0	1
1862	Mtss1l	NM_198625	6171	0	0	1
1863	Cdh26	NM_198656	236439	0	0	0
1864	Stpg2	NM_198659	616004	0	0	0
1865	Stpg2	NM_198659	894976	0	0	0
1866	Adgrl3	NM_198702	404462	0	0	1
1867	B4galnt3	NM_198884	99689	0	0	1
1868	B4galnt3	NM_198884	99167	0	0	1
1869	Smgc	NM_198927	16746	0	0	1
1870	Bend3	NM_199028	-105298	0	0	1
1871	Foxk1	NM_199068	-118968	0	0	0
1872	Foxk1	NM_199068	-1322	0	0	0
1873	3110062M04Rik	NM_199145	14	1	1	0
1874	Eml4	NM_199466	-28446	0	0	0
1875	Trim56	NM_201373	-5886	0	0	0
1876	Plec	NM_201394	3570	0	0	1
1877	Plec	NM_201394	3523	0	1	0
1878	Flrt1	NM_201411	-15879	0	0	1
1879	Flrt2	NM_201518	-1378451	0	0	0
1880	Lmo7	NM_201529	168656	0	1	0
1881	Lmo7	NM_201529	168653	0	1	0
1882	Lmo7	NM_201529	169576	0	0	1
1883	Lmo7	NM_201529	169565	0	0	1
1884	Lmo7	NM_201529	169445	0	0	1
1885	Synm	NM_201639	196	1	1	0
1886	Chrm5	NM_205783	748	1	1	0
1887	H2-Ab1	NM_207105	1383	0	0	1
1888	Cebpe	NM_207131	251	1	1	0
1889	Tes	NM_207176	-65403	0	0	0
1890	Acap3	NM_207223	14313	0	1	0
1891	Ptpdc1	NM_207232	32283	0	0	1
1892	Ccdc87	NM_207268	100	1	1	0
1893	Ccdc121	NM_207280	64154	0	0	1
1894	Dedd2	NM_207677	13871	0	0	1
1895	Bcl2l11	NM_207680	-28111	0	0	1
1896	Acsm3	NM_212442	-18635	0	0	0
1897	Acsm3	NM_212442	-196	1	0	0
1898	Terc	NR_001579	10256	0	0	0
1899	Gm12070	NR_002890	661091	0	0	0
1900	Snora69	NR_002900	15282	0	0	0
1901	Pla2g2a	NR_002926	-4631	0	0	1
1902	1700073E17Rik	NR_003625	6522	0	0	0
1903	Rprl2	NR_004439	450586	0	0	0
1904	4930448K20Rik	NR_004448	-255993	0	0	0
1905	3830408C21Rik	NR_015471	223618	0	0	0
1906	LOC100043315	NR_015482	-79724	0	0	1
1907	A530013C23Rik	NR_015500	117843	0	0	0
1908	A530013C23Rik	NR_015500	117606	0	0	0
1909	A530013C23Rik	NR_015500	117834	0	0	0
1910	A530013C23Rik	NR_015500	117883	0	0	0
1911	5930412G12Rik	NR_015517	18736	0	0	1
1912	5930412G12Rik	NR_015517	18715	0	0	1
1913	2610035D17Rik	NR_015556	114680	0	0	1
1914	2610035D17Rik	NR_015556	114705	0	0	1
1915	5031425F14Rik	NR_015558	41435	0	0	0
1916	9530036O11Rik	NR_015562	-538	1	0	1
1917	Gm4489	NR_027637	1290	0	0	1
1918	1500011B03Rik	NR_027818	17409	0	0	1
1919	4930470P17Rik	NR_027825	-16995	0	0	0
1920	Nkx6-2	NR_027857	16113	0	0	1
1921	1700054K19Rik	NR_027865	-296663	0	0	0
1922	2900092D14Rik	NR_027891	14061	0	0	0
1923	BB123696	NR_027893	2564	0	0	1
1924	9130230L23Rik	NR_027961	-14943	0	1	0
1925	1700020N01Rik	NR_027968	-98673	0	0	0
1926	5730522E02Rik	NR_027973	240181	0	0	1
1927	C030016D13Rik	NR_027987	144923	0	0	0
1928	2210417A02Rik	NR_028285	81175	0	0	0
1929	2210417A02Rik	NR_028285	68760	0	0	0
1930	2210417A02Rik	NR_028285	81144	0	0	0
1931	4930503E24Rik	NR_028310	83263	0	0	0
1932	Gm4371	NR_028311	-18071	0	0	0
1933	Gm17762	NR_028378	-1043	0	1	0
1934	C130080G10Rik	NR_028422	53355	0	0	1
1935	Mirt1	NR_028427	23224	0	1	0
1936	Gm14005	NR_028590	88941	0	0	1
1937	Tmem161b	NR_029419	59557	0	0	1
1938	5033406O09Rik	NR_029464	16168	0	0	0
1939	Mirlet7i	NR_029527	72075	0	0	1
1940	Mir30a	NR_029533	-17947	0	0	0
1941	Mir126a	NR_029541	-1986	0	1	0
1942	Mir122	NR_029600	-70772	0	0	1
1943	Mir148a	NR_029719	-14217	0	0	0
1944	Mir148a	NR_029719	-14226	0	0	0
1945	Mirlet7c-2	NR_029729	-886	1	0	0
1946	Mir34a	NR_029751	-1075	0	0	0
1947	Mir340	NR_029769	18864	0	0	1
1948	Mir139	NR_029791	-11058	0	0	1
1949	Mir214	NR_029796	72292	0	0	1
1950	Mir135a-2	NR_029812	358709	0	0	0
1951	Mir9-3	NR_029818	3572	0	0	1
1952	Mir219a-2	NR_029838	-110	1	0	0
1953	Mir219a-2	NR_029838	-322	1	0	0
1954	Mir219a-2	NR_029838	283	1	0	0
1955	Mir302b	NR_030403	-115186	0	0	0
1956	Mir762	NR_030428	-45	1	1	0
1957	Mir701	NR_030482	111705	0	0	1
1958	Mir582	NR_030644	-207779	0	0	1
1959	Mir582	NR_030644	-207790	0	0	1
1960	A930011G23Rik	NR_030692	101986	0	0	1
1961	A930011G23Rik	NR_030692	101963	0	0	1
1962	A930011G23Rik	NR_030692	-97829	0	0	0
1963	Smok4a	NR_030763	-50330	0	0	0
1964	3110021A11Rik	NR_030776	27242	0	0	0
1965	Gm4792	NR_033209	49072	0	0	0
1966	Gm4792	NR_033209	49045	0	0	0
1967	Gm4792	NR_033209	-79289	0	0	0
1968	Gm4792	NR_033209	49034	0	0	0
1969	1700025C18Rik	NR_033448	-59719	0	0	1
1970	Gm11468	NR_033467	44143	0	0	0
1971	Gm11468	NR_033467	50076	0	0	0
1972	Gm10768	NR_033472	50613	0	0	1
1973	Tnk2os	NR_033493	-1722	0	0	1
1974	Spn-ps	NR_033583	-22665	0	0	0
1975	Gm13498	NR_033595	-23072	0	0	0
1976	A630075F10Rik	NR_033634	139922	0	0	0
1977	Crnde	NR_033641	207	1	1	0
1978	Zscan4a	NR_033707	23070	0	0	0
1979	Mir1904	NR_035442	-109451	0	0	1
1980	Mir1929	NR_035450	7494	0	0	0
1981	Mir1931	NR_035452	17439	0	0	1
1982	Mir1960	NR_035486	2679	0	0	1
1983	Mir1960	NR_035486	2708	0	0	1
1984	Mir1963	NR_035489	-6483	0	1	0
1985	Mir1981	NR_035502	2169	0	0	1
1986	6030440G07Rik	NR_036598	-966	1	0	0
1987	Gm6525	NR_036654	14801	0	0	1
1988	Mir3475	NR_037208	-32676	0	0	0
1989	Mir3099	NR_037213	-21657	0	0	1
1990	Mir3106	NR_037214	262814	0	1	0
1991	Mir3065	NR_037225	-4702	0	1	0
1992	Mir3065	NR_037225	-4674	0	1	0
1993	Mir3079	NR_037240	-49044	0	0	1
1994	Mir3102	NR_037289	5795	0	1	0
1995	Mir3102	NR_037289	5794	0	1	0
1996	Mir3102	NR_037289	1106	0	1	0
1997	Mir3102	NR_037289	-8249	0	0	1
1998	Mir3108	NR_037295	-43010	0	0	1
1999	Mir3108	NR_037295	-42982	0	0	1
2000	Mir3108	NR_037295	-42974	0	0	1
2001	Mir3108	NR_037295	-42969	0	0	1
2002	Gm1968	NR_037689	163008	0	0	0
2003	Platr26	NR_037979	16243	0	0	0
2004	Gm20268	NR_037989	1145947	0	0	0
2005	Gm20268	NR_037989	-185831	0	0	0
2006	2310043L19Rik	NR_037994	-40809	0	0	0
2007	9630028B13Rik	NR_038006	8431	0	0	1
2008	Gm17751	NR_038012	5890	0	0	1
2009	Gm20110	NR_038019	-71378	0	0	0
2010	Gm15910	NR_038023	-8982	0	0	1
2011	1700028I16Rik	NR_038042	4585	0	0	1
2012	Lhx1os	NR_038057	65566	0	0	0
2013	Six3os1	NR_038086	151160	0	0	0
2014	Mir378b	NR_039545	21252	0	0	1
2015	Mir378b	NR_039545	15170	0	0	1
2016	Mir5101	NR_039560	106157	0	0	1
2017	Mir5103	NR_039562	4787	0	0	0
2018	Mir5108	NR_039568	159	1	0	1
2019	Mir5130	NR_039592	290	1	1	0
2020	4732490B19Rik	NR_040276	-45600	0	0	1
2021	B230217O12Rik	NR_040316	26068	0	0	1
2022	1700017J07Rik	NR_040326	9629	0	0	0
2023	Redrum	NR_040338	-243335	0	0	0
2024	A230028O05Rik	NR_040374	-320	1	0	0
2025	5730403I07Rik	NR_040378	22373	0	0	1
2026	5730403I07Rik	NR_040378	18229	0	0	1
2027	5730403I07Rik	NR_040378	18200	0	0	1
2028	1700063D05Rik	NR_040392	11113	0	0	1
2029	1810021B22Rik	NR_040417	7927	0	1	0
2030	Gm15708	NR_040432	24188	0	0	1
2031	Gm13003	NR_040443	911	1	1	0
2032	Gm13003	NR_040443	36720	0	0	0
2033	1700017G19Rik	NR_040445	120622	0	0	0
2034	1700047G03Rik	NR_040447	-16578	0	0	0
2035	Gm10007	NR_040449	14092	0	0	1
2036	C230079O03Rik	NR_040459	-153884	0	0	0
2037	1700016L21Rik	NR_040460	-1886	0	0	0
2038	9230112J17Rik	NR_040463	505	1	0	1
2039	1700066B17Rik	NR_040465	12637	0	0	0
2040	1700112H15Rik	NR_040472	-70762	0	0	0
2041	4930448I06Rik	NR_040475	-715625	0	0	0
2042	C030007H22Rik	NR_040482	73538	0	0	0
2043	1810053B23Rik	NR_040486	134966	0	0	0
2044	Sox5os3	NR_040519	110126	0	0	0
2045	1700036G14Rik	NR_040542	-142934	0	0	0
2046	1700036G14Rik	NR_040542	-142513	0	0	0
2047	9830132P13Rik	NR_040552	82105	0	0	0
2048	Gm20755	NR_040559	86136	0	0	1
2049	4930455H04Rik	NR_040596	-33414	0	0	1
2050	A930019D19Rik	NR_040619	20294	0	0	1
2051	A930019D19Rik	NR_040619	20292	0	0	1
2052	Gm13490	NR_040639	-60573	0	0	0
2053	1700045H11Rik	NR_040649	72719	0	0	0
2054	4930556G01Rik	NR_040655	636565	0	0	0
2055	4930548K13Rik	NR_040656	-720931	0	0	0
2056	8030443G20Rik	NR_040664	27587	0	0	1
2057	BC039966	NR_040670	103729	0	0	0
2058	2310034O05Rik	NR_040679	61578	0	0	0
2059	Prkag2os1	NR_040684	-9824	0	0	1
2060	6030466F02Rik	NR_040702	17649	0	0	0
2061	6030466F02Rik	NR_040702	17661	0	0	0
2062	B930018H19Rik	NR_040706	232532	0	0	0
2063	Mir124a-1hg	NR_040709	-65349	0	0	0
2064	4933422A05Rik	NR_040715	60109	0	0	0
2065	Gm6639	NR_040748	259573	0	0	0
2066	1700034K08Rik	NR_040756	140027	0	0	0
2067	0610040F04Rik	NR_040757	162555	0	0	1
2068	0610040F04Rik	NR_040757	161540	0	0	1
2069	Gm20187	NR_045052	54372	0	0	0
2070	Gm20337	NR_045057	2510	0	1	0
2071	4921525O09Rik	NR_045061	12837	0	0	1
2072	A330076C08Rik	NR_045088	3307	0	0	1
2073	Gm12159	NR_045100	134187	0	0	1
2074	Gm12159	NR_045100	134143	0	0	1
2075	G630093K05Rik	NR_045156	44630	0	0	0
2076	4930430F21Rik	NR_045186	-46578	0	0	1
2077	A830082K12Rik	NR_045195	-34648	0	0	1
2078	1110015O18Rik	NR_045272	205850	0	0	0
2079	1110015O18Rik	NR_045272	-1442	0	0	0
2080	5430437J10Rik	NR_045274	315225	0	0	0
2081	Gm20740	NR_045279	-4859	0	0	0
2082	1700064M15Rik	NR_045288	74289	0	0	0
2083	Gm19557	NR_045322	231	1	0	1
2084	Gm19557	NR_045322	244	1	0	1
2085	D930032P07Rik	NR_045330	-330879	0	0	1
2086	4933411E08Rik	NR_045342	22347	0	1	0
2087	4930401C15Rik	NR_045349	128844	0	0	0
2088	4930545H06Rik	NR_045357	-25199	0	0	0
2089	G630055G22Rik	NR_045404	-24321	0	0	0
2090	Bcor	NR_045434	23561	0	1	1
2091	Mospd4	NR_045438	56023	0	0	0
2092	4933433H22Rik	NR_045458	50809	0	0	0
2093	4933433H22Rik	NR_045458	50594	0	0	0
2094	4933433H22Rik	NR_045458	50601	0	0	0
2095	4933433H22Rik	NR_045458	35915	0	0	0
2096	4833427F10Rik	NR_045459	-9467	0	0	0
2097	4930548J01Rik	NR_045462	-121341	0	0	0
2098	3110009F21Rik	NR_045466	-11001	0	0	0
2099	Fendrr	NR_045471	139468	0	0	0
2100	Fendrr	NR_045471	102023	0	0	0
2101	1700003D09Rik	NR_045477	3520	0	0	1
2102	1700029N11Rik	NR_045489	111250	0	0	0
2103	5930403L14Rik	NR_045643	135282	0	0	1
2104	AW549542	NR_045702	45262	0	0	0
2105	Nron	NR_045729	-49630	0	0	1
2106	4930486I03Rik	NR_045734	121781	0	0	1
2107	2310043O21Rik	NR_045757	20840	0	0	1
2108	Gm15350	NR_045775	-33571	0	1	0
2109	Zfp652os	NR_045780	4382	0	0	1
2110	1700025K24Rik	NR_045825	-50597	0	0	0
2111	1700025K24Rik	NR_045825	-50585	0	0	0
2112	4921511I17Rik	NR_045829	28184	0	0	1
2113	E130006D01Rik	NR_045832	-67880	0	0	0
2114	E130006D01Rik	NR_045834	40028	0	0	0
2115	4933417O13Rik	NR_045842	-10265	0	0	1
2116	Gm5420	NR_045843	-468	1	0	0
2117	Gm17746	NR_045844	138356	0	0	0
2118	Gm17746	NR_045844	-13830	0	0	0
2119	5430440P10Rik	NR_045859	-73406	0	0	0
2120	5430440P10Rik	NR_045859	-78991	0	0	0
2121	1700006H21Rik	NR_045900	-33451	0	0	0
2122	3100003L05Rik	NR_045907	109848	0	0	0
2123	3100003L05Rik	NR_045907	-227347	0	0	0
2124	9530027J09Rik	NR_045916	-617	1	0	0
2125	Gm4827	NR_045935	-94592	0	0	0
2126	Gm4827	NR_045935	-94395	0	0	0
2127	4930432J09Rik	NR_045953	73304	0	0	0
2128	4930432J09Rik	NR_045953	73256	0	0	0
2129	Gm16938	NR_045970	-14790	0	0	1
2130	4930448F12Rik	NR_046032	-28676	0	0	1
2131	Gm8179	NR_046039	-96794	0	0	0
2132	4931430N09Rik	NR_046053	-66408	0	0	1
2133	5930438M14Rik	NR_046158	-69111	0	0	0
2134	D730050B12Rik	NR_046196	-44503	0	0	0
2135	D730050B12Rik	NR_046196	-44331	0	0	0
2136	D730050B12Rik	NR_046196	-57299	0	0	0
2137	1700109G15Rik	NR_046197	12625	0	0	0
2138	Rn45s	NR_046233	97	1	1	0
2139	Rn45s	NR_046233	557	1	1	0
2140	Rn45s	NR_046233	577	1	1	0
2141	Rn45s	NR_046233	579	1	1	0
2142	Rn45s	NR_046233	1289	0	1	0
2143	Rn45s	NR_046233	1696	0	1	0
2144	Rn45s	NR_046233	1295	0	1	0
2145	Rn45s	NR_046233	1490	0	1	0
2146	Rn45s	NR_046233	3908	0	1	0
2147	Rn45s	NR_046233	1515	0	1	0
2148	Rn45s	NR_046233	2402	0	1	0
2149	Rn45s	NR_046233	2472	0	1	0
2150	Rn45s	NR_046233	2412	0	1	0
2151	4930480M12Rik	NR_046278	-41120	0	0	0
2152	Best2	NR_052011	-2416	0	0	0
2153	A930016O22Rik	NR_073015	-13261	0	1	0
2154	4930453L07Rik	NR_073360	36544	0	0	0
2155	4930453L07Rik	NR_073360	36554	0	0	0
2156	Gm38404	NR_073373	-68609	0	0	0
2157	Gm38404	NR_073373	-68629	0	0	0
2158	2610027K06Rik	NR_077059	21672	0	0	1
2159	C030029H02Rik	NR_102277	-70601	0	0	0
2160	D830026I12Rik	NR_102305	-28704	0	0	0
2161	Ano4	NR_102339	-87236	0	0	0
2162	Ano4	NR_102339	-87192	0	0	0
2163	Dmrt1i	NR_102374	-268	1	0	1
2164	Gm2087	NR_102437	-135947	0	0	0
